0001.jpg 33 99 107 197
0002.jpg 211 181 303 247
0003.jpg 62 6 163 78
0004.jpg 14 173 69 219
0005.jpg 134 290 207 346
0006.jpg 226 165 318 231
0007.jpg 233 3 389 111
0008.jpg 59 67 93 113
0009.jpg 319 2 353 48
0010.jpg 127 284 219 350
0011.jpg 411 107 479 189
0012.jpg 42 277 127 349
0013.jpg 50 117 124 201
0014.jpg 271 80 385 208
0015.jpg 78 254 173 352
0016.jpg 322 109 450 238
0017.jpg 4 25 49 85
0018.jpg 331 150 386 196
0019.jpg 436 189 478 244
0020.jpg 18 39 86 121
0021.jpg 302 257 423 345
0022.jpg 389 52 475 134
0023.jpg 231 12 280 58
0024.jpg 270 249 359 336
0025.jpg 378 241 448 312
0026.jpg 66 128 111 188
0027.jpg 36 167 121 275
0028.jpg 12 94 103 206
0029.jpg 161 4 210 50
0030.jpg 360 268 455 354
0031.jpg 78 52 112 98
0032.jpg 143 18 223 100
0033.jpg 393 118 461 200
0034.jpg 18 204 122 312
0035.jpg 424 155 473 201
0036.jpg 48 99 128 189
0037.jpg 203 6 265 62
0038.jpg 61 289 134 345
0039.jpg 291 213 399 341
0040.jpg 312 214 422 296
0041.jpg 72 109 184 216
0042.jpg 135 148 177 203
0043.jpg 34 192 114 282
0044.jpg 292 153 344 224
0045.jpg 384 248 470 330
0046.jpg 363 187 479 298
0047.jpg 37 148 158 254
0048.jpg 35 199 170 347
0049.jpg 103 206 273 354
0050.jpg 167 239 268 325
0051.jpg 168 0 253 72
0052.jpg 365 55 456 167
0053.jpg 312 83 360 119
0054.jpg 12 149 124 256
0055.jpg 121 229 306 356
0056.jpg 85 283 161 350
0057.jpg 217 199 281 288
0058.jpg 22 115 117 213
0059.jpg 291 5 353 61
0060.jpg 52 302 103 358
0061.jpg 51 202 179 331
0062.jpg 305 208 435 356
0063.jpg 30 137 201 264
0064.jpg 16 69 128 176
0065.jpg 350 76 443 182
0066.jpg 27 84 75 120
0067.jpg 115 232 169 296
0068.jpg 87 209 255 325
0069.jpg 83 186 157 270
0070.jpg 263 90 329 153
0071.jpg 151 198 230 269
0072.jpg 75 232 169 313
0073.jpg 94 197 174 279
0074.jpg 175 194 270 292
0075.jpg 321 278 355 324
0076.jpg 274 34 313 80
0077.jpg 304 150 421 298
0078.jpg 55 207 253 355
0079.jpg 203 153 379 284
0080.jpg 284 212 363 283
0081.jpg 155 99 216 181
0082.jpg 391 190 476 298
0083.jpg 65 19 93 55
0084.jpg 56 191 147 303
0085.jpg 69 79 131 135
0086.jpg 86 190 150 279
0087.jpg 172 259 223 315
0088.jpg 62 119 178 201
0089.jpg 331 137 438 253
0090.jpg 356 32 410 96
0091.jpg 21 206 116 304
0092.jpg 29 137 145 248
0093.jpg 38 171 112 269
0094.jpg 382 173 458 240
0095.jpg 29 4 133 112
0096.jpg 401 0 437 36
0097.jpg 32 263 98 326
0098.jpg 384 230 473 317
0099.jpg 42 40 126 156
0100.jpg 282 206 402 335
0101.jpg 351 282 393 337
0102.jpg 288 259 420 357
0103.jpg 277 5 336 74
0104.jpg 327 298 361 344
0105.jpg 62 131 136 215
0106.jpg 280 156 456 287
0107.jpg 223 229 351 358
0108.jpg 143 178 299 307
0109.jpg 243 254 301 316
0110.jpg 160 193 307 321
0111.jpg 28 267 76 303
0112.jpg 86 174 203 322
0113.jpg 200 205 262 261
0114.jpg 16 149 92 216
0115.jpg 14 115 90 182
0116.jpg 50 39 123 95
0117.jpg 387 124 445 186
0118.jpg 1 242 81 324
0119.jpg 24 303 66 358
0120.jpg 152 244 244 310
0121.jpg 228 200 384 308
0122.jpg 5 95 119 223
0123.jpg 17 222 87 311
0124.jpg 22 72 86 118
0125.jpg 394 195 468 293
0126.jpg 34 151 108 249
0127.jpg 66 71 183 219
0128.jpg 170 257 204 303
0129.jpg 93 34 214 140
0130.jpg 305 223 344 269
0131.jpg 428 206 464 242
0132.jpg 89 15 228 145
0133.jpg 242 215 397 331
0134.jpg 153 35 212 104
0135.jpg 288 240 351 311
0136.jpg 99 9 220 115
0137.jpg 79 92 193 220
0138.jpg 69 17 145 124
0139.jpg 16 87 101 195
0140.jpg 363 223 433 294
0141.jpg 392 272 437 332
0142.jpg 48 237 96 301
0143.jpg 339 268 401 324
0144.jpg 75 3 151 110
0145.jpg 1 198 102 284
0146.jpg 201 6 275 90
0147.jpg 41 229 147 319
0148.jpg 401 34 453 105
0149.jpg 342 229 449 345
0150.jpg 28 157 79 213
0151.jpg 27 8 61 54
0152.jpg 384 126 445 208
0153.jpg 394 69 436 124
0154.jpg 416 57 479 128
0155.jpg 301 269 369 351
0156.jpg 25 66 139 194
0157.jpg 255 73 436 221
0158.jpg 15 129 129 257
0159.jpg 51 231 222 358
0160.jpg 342 144 420 201
0161.jpg 375 210 449 294
0162.jpg 350 151 478 280
0163.jpg 52 109 80 145
0164.jpg 375 69 455 151
0165.jpg 374 34 453 105
0166.jpg 207 287 255 351
0167.jpg 400 260 476 327
0168.jpg 354 41 478 189
0169.jpg 169 295 227 357
0170.jpg 24 289 72 353
0171.jpg 395 251 444 297
0172.jpg 24 261 83 330
0173.jpg 63 255 169 345
0174.jpg 67 68 147 158
0175.jpg 412 19 460 55
0176.jpg 105 96 139 142
0177.jpg 8 7 112 115
0178.jpg 15 180 79 226
0179.jpg 18 197 94 264
0180.jpg 45 262 175 351
0181.jpg 267 215 379 322
0182.jpg 237 44 271 90
0183.jpg 52 234 137 332
0184.jpg 15 177 74 246
0185.jpg 261 289 315 353
0186.jpg 64 276 126 332
0187.jpg 122 4 186 50
0188.jpg 77 15 147 104
0189.jpg 250 30 323 86
0190.jpg 281 66 351 155
0191.jpg 178 6 241 77
0192.jpg 87 71 195 199
0193.jpg 26 199 78 270
0194.jpg 130 219 209 290
0195.jpg 263 91 364 177
0196.jpg 322 95 406 211
0197.jpg 382 42 431 88
0198.jpg 122 253 170 289
0199.jpg 68 44 144 151
0200.jpg 152 182 226 280
0201.jpg 196 275 270 359
0202.jpg 60 185 201 301
0203.jpg 18 122 132 220
0204.jpg 36 0 157 88
0205.jpg 402 61 468 124
0206.jpg 295 32 451 161
0207.jpg 339 194 471 292
0208.jpg 317 63 406 150
0209.jpg 39 100 98 169
0210.jpg 190 259 275 357
0211.jpg 59 191 165 281
0212.jpg 70 226 115 286
0213.jpg 24 175 125 261
0214.jpg 60 89 159 205
0215.jpg 351 129 399 193
0216.jpg 13 147 143 295
0217.jpg 28 0 76 36
0218.jpg 381 129 474 235
0219.jpg 387 4 451 93
0220.jpg 64 290 92 326
0221.jpg 155 55 218 126
0222.jpg 58 108 144 190
0223.jpg 297 26 371 110
0224.jpg 153 1 276 117
0225.jpg 348 122 426 179
0226.jpg 266 183 389 299
0227.jpg 319 98 387 180
0228.jpg 160 271 236 338
0229.jpg 51 150 130 221
0230.jpg 20 21 106 103
0231.jpg 388 48 461 112
0232.jpg 382 2 467 74
0233.jpg 382 131 460 188
0234.jpg 362 204 478 315
0235.jpg 337 39 385 75
0236.jpg 362 204 463 276
0237.jpg 7 41 81 139
0238.jpg 14 142 105 254
0239.jpg 37 183 151 311
0240.jpg 20 281 78 343
0241.jpg 19 117 123 215
0242.jpg 31 52 138 168
0243.jpg 50 193 235 320
0244.jpg 63 198 111 262
0245.jpg 28 62 80 133
0246.jpg 190 276 263 340
0247.jpg 9 158 165 266
0248.jpg 288 215 373 323
0249.jpg 110 240 159 286
0250.jpg 192 234 313 322
0251.jpg 407 260 475 342
0252.jpg 342 6 434 72
0253.jpg 2 199 200 347
0254.jpg 263 274 341 331
0255.jpg 2 65 106 173
0256.jpg 52 111 132 201
0257.jpg 377 78 453 145
0258.jpg 328 259 373 319
0259.jpg 245 125 349 233
0260.jpg 25 76 99 160
0261.jpg 200 159 323 275
0262.jpg 82 214 167 312
0263.jpg 32 185 208 316
0264.jpg 304 164 475 291
0265.jpg 286 186 364 243
0266.jpg 355 73 471 155
0267.jpg 286 198 407 286
0268.jpg 375 69 470 155
0269.jpg 377 262 457 344
0270.jpg 333 180 463 269
0271.jpg 323 19 416 125
0272.jpg 165 253 269 351
0273.jpg 34 49 119 147
0274.jpg 299 266 327 302
0275.jpg 355 130 383 166
0276.jpg 287 195 394 311
0277.jpg 165 194 336 321
0278.jpg 12 77 80 159
0279.jpg 77 152 234 300
0280.jpg 12 117 101 204
0281.jpg 210 152 294 215
0282.jpg 11 153 108 244
0283.jpg 152 231 222 320
0284.jpg 326 241 411 349
0285.jpg 7 175 106 291
0286.jpg 331 203 382 259
0287.jpg 392 143 465 207
0288.jpg 383 227 442 296
0289.jpg 260 1 330 72
0290.jpg 336 159 456 288
0291.jpg 334 172 434 301
0292.jpg 7 133 130 249
0293.jpg 385 106 459 204
0294.jpg 419 217 478 286
0295.jpg 41 93 136 179
0296.jpg 175 75 220 135
0297.jpg 265 198 358 304
0298.jpg 65 48 139 132
0299.jpg 164 62 203 108
0300.jpg 147 23 264 171
0301.jpg 388 131 446 193
0302.jpg 73 78 127 142
0303.jpg 174 197 263 284
0304.jpg 314 196 406 324
0305.jpg 232 206 296 252
0306.jpg 139 250 271 348
0307.jpg 254 33 306 104
0308.jpg 273 115 307 161
0309.jpg 90 282 174 345
0310.jpg 309 66 479 214
0311.jpg 319 3 449 151
0312.jpg 284 48 391 164
0313.jpg 170 293 225 339
0314.jpg 350 35 411 117
0315.jpg 114 4 168 68
0316.jpg 347 117 431 180
0317.jpg 195 1 316 107
0318.jpg 232 51 274 106
0319.jpg 232 28 333 114
0320.jpg 295 7 409 135
0321.jpg 156 277 190 323
0322.jpg 347 25 399 96
0323.jpg 283 9 473 140
0324.jpg 353 270 421 352
0325.jpg 212 228 261 274
0326.jpg 35 184 77 239
0327.jpg 397 30 463 93
0328.jpg 323 249 435 356
0329.jpg 254 18 439 145
0330.jpg 126 143 234 271
0331.jpg 152 172 218 235
0332.jpg 337 84 464 193
0333.jpg 236 78 330 159
0334.jpg 203 96 252 142
0335.jpg 147 11 189 66
0336.jpg 218 211 353 338
0337.jpg 29 140 93 229
0338.jpg 90 23 118 59
0339.jpg 411 209 459 245
0340.jpg 406 223 454 287
0341.jpg 333 65 463 213
0342.jpg 9 190 94 288
0343.jpg 21 15 69 51
0344.jpg 395 50 459 139
0345.jpg 53 208 87 254
0346.jpg 391 272 461 343
0347.jpg 80 10 129 56
0348.jpg 235 29 347 136
0349.jpg 73 37 177 135
0350.jpg 1 34 142 150
0351.jpg 265 54 404 184
0352.jpg 119 235 153 281
0353.jpg 300 153 348 189
0354.jpg 318 83 439 171
0355.jpg 241 48 314 104
0356.jpg 292 27 358 90
0357.jpg 82 250 214 348
0358.jpg 167 83 229 139
0359.jpg 206 113 298 179
0360.jpg 174 248 213 294
0361.jpg 41 77 145 185
0362.jpg 266 109 311 169
0363.jpg 341 77 389 141
0364.jpg 229 5 305 112
0365.jpg 158 286 234 353
0366.jpg 118 14 176 76
0367.jpg 9 201 75 264
0368.jpg 191 239 234 285
0369.jpg 305 57 353 121
0370.jpg 329 11 436 159
0371.jpg 373 67 421 131
0372.jpg 290 31 349 100
0373.jpg 135 233 241 323
0374.jpg 385 257 455 328
0375.jpg 204 64 262 126
0376.jpg 70 120 169 236
0377.jpg 114 20 261 148
0378.jpg 116 249 161 309
0379.jpg 371 211 478 359
0380.jpg 287 124 342 170
0381.jpg 120 263 236 345
0382.jpg 124 81 232 209
0383.jpg 126 19 196 90
0384.jpg 311 28 375 74
0385.jpg 269 80 366 171
0386.jpg 187 283 215 319
0387.jpg 365 162 438 218
0388.jpg 437 46 471 92
0389.jpg 388 175 461 239
0390.jpg 338 282 401 353
0391.jpg 86 41 134 105
0392.jpg 239 272 355 354
0393.jpg 36 178 122 260
0394.jpg 343 71 447 169
0395.jpg 272 278 345 342
0396.jpg 330 6 410 96
0397.jpg 18 198 119 270
0398.jpg 11 42 125 170
0399.jpg 353 148 444 260
0400.jpg 230 6 324 87
0401.jpg 298 210 469 337
0402.jpg 17 114 172 230
0403.jpg 142 249 196 313
0404.jpg 310 19 338 55
0405.jpg 413 254 455 309
0406.jpg 3 131 126 247
0407.jpg 40 218 154 346
0408.jpg 45 210 189 318
0409.jpg 28 78 135 194
0410.jpg 278 18 332 82
0411.jpg 37 189 91 253
0412.jpg 188 179 237 225
0413.jpg 380 18 453 74
0414.jpg 60 51 94 97
0415.jpg 205 115 340 263
0416.jpg 230 13 387 161
0417.jpg 381 276 465 339
0418.jpg 292 34 372 124
0419.jpg 17 192 65 228
0420.jpg 95 0 137 55
0421.jpg 100 261 142 316
0422.jpg 221 282 249 318
0423.jpg 80 300 108 336
0424.jpg 86 146 152 209
0425.jpg 257 22 356 138
0426.jpg 385 200 443 262
0427.jpg 208 106 287 177
0428.jpg 230 264 351 352
0429.jpg 265 228 329 274
0430.jpg 38 153 154 235
0431.jpg 51 72 151 201
0432.jpg 364 1 425 83
0433.jpg 162 21 247 93
0434.jpg 374 209 435 291
0435.jpg 429 197 477 233
0436.jpg 51 247 94 293
0437.jpg 367 211 458 323
0438.jpg 307 50 421 148
0439.jpg 186 239 318 337
0440.jpg 267 259 321 323
0441.jpg 10 92 149 222
0442.jpg 80 71 135 117
0443.jpg 293 252 335 307
0444.jpg 291 306 355 352
0445.jpg 339 1 434 99
0446.jpg 342 160 462 289
0447.jpg 88 17 116 53
0448.jpg 220 125 304 241
0449.jpg 32 41 152 170
0450.jpg 48 138 121 202
0451.jpg 58 173 132 271
0452.jpg 331 70 448 218
0453.jpg 357 155 452 241
0454.jpg 4 40 89 148
0455.jpg 93 33 214 121
0456.jpg 92 105 193 191
0457.jpg 51 178 181 267
0458.jpg 45 42 149 140
0459.jpg 92 6 128 42
0460.jpg 42 7 198 115
0461.jpg 202 257 275 321
0462.jpg 8 23 141 137
0463.jpg 222 4 280 66
0464.jpg 347 19 447 148
0465.jpg 36 228 121 300
0466.jpg 284 197 354 286
0467.jpg 172 21 357 148
0468.jpg 178 46 242 92
0469.jpg 286 42 386 171
0470.jpg 196 7 294 116
0471.jpg 324 256 404 346
0472.jpg 18 101 132 229
0473.jpg 24 134 116 262
0474.jpg 48 51 121 115
0475.jpg 170 220 222 291
0476.jpg 286 44 366 134
0477.jpg 55 142 178 258
0478.jpg 79 121 225 269
0479.jpg 91 39 186 125
0480.jpg 364 5 422 67
0481.jpg 74 0 144 71
0482.jpg 12 293 51 339
0483.jpg 9 72 101 200
0484.jpg 115 220 169 284
0485.jpg 6 209 98 275
0486.jpg 45 45 130 117
0487.jpg 7 68 117 150
0488.jpg 132 308 175 354
0489.jpg 129 284 208 355
0490.jpg 393 198 455 254
0491.jpg 385 84 459 182
0492.jpg 391 236 433 291
0493.jpg 4 277 98 358
0494.jpg 148 92 278 181
0495.jpg 131 12 245 140
0496.jpg 307 43 406 159
0497.jpg 300 296 373 352
0498.jpg 150 85 213 156
0499.jpg 55 18 152 109
0500.jpg 102 26 216 124
0501.jpg 6 20 90 136
0502.jpg 154 30 298 138
0503.jpg 343 52 385 107
0504.jpg 267 21 423 150
0505.jpg 124 165 245 271
0506.jpg 17 9 109 75
0507.jpg 160 26 224 115
0508.jpg 362 270 396 316
0509.jpg 246 245 297 301
0510.jpg 68 171 96 207
0511.jpg 76 76 192 187
0512.jpg 140 0 272 98
0513.jpg 196 118 320 266
0514.jpg 172 280 220 316
0515.jpg 203 23 264 105
0516.jpg 93 29 209 111
0517.jpg 143 68 319 199
0518.jpg 18 18 110 146
0519.jpg 198 24 302 122
0520.jpg 163 191 227 237
0521.jpg 4 222 53 268
0522.jpg 239 84 300 166
0523.jpg 231 61 286 107
0524.jpg 401 115 475 213
0525.jpg 377 20 472 106
0526.jpg 426 100 474 164
0527.jpg 360 65 428 147
0528.jpg 227 38 341 136
0529.jpg 377 102 411 148
0530.jpg 69 7 160 119
0531.jpg 117 16 159 71
0532.jpg 81 210 145 299
0533.jpg 79 47 131 118
0534.jpg 46 57 138 185
0535.jpg 32 6 129 97
0536.jpg 140 123 270 271
0537.jpg 145 211 265 340
0538.jpg 363 49 412 95
0539.jpg 394 273 472 330
0540.jpg 35 210 114 281
0541.jpg 409 20 437 56
0542.jpg 362 258 417 304
0543.jpg 358 82 434 149
0544.jpg 402 265 475 329
0545.jpg 362 84 446 200
0546.jpg 393 59 432 105
0547.jpg 333 1 417 64
0548.jpg 15 1 79 47
0549.jpg 376 244 468 310
0550.jpg 378 104 446 186
0551.jpg 37 202 194 350
0552.jpg 33 104 161 233
0553.jpg 55 141 123 223
0554.jpg 170 213 209 259
0555.jpg 110 92 201 204
0556.jpg 23 121 129 211
0557.jpg 264 34 359 132
0558.jpg 36 140 91 186
0559.jpg 1 169 107 259
0560.jpg 92 52 212 181
0561.jpg 152 91 260 219
0562.jpg 277 217 355 274
0563.jpg 115 64 181 127
0564.jpg 72 201 156 264
0565.jpg 103 199 169 262
0566.jpg 97 100 224 209
0567.jpg 85 56 201 138
0568.jpg 83 68 156 124
0569.jpg 20 69 117 160
0570.jpg 75 257 170 343
0571.jpg 268 6 353 104
0572.jpg 37 93 158 181
0573.jpg 91 199 207 310
0574.jpg 320 42 393 106
0575.jpg 327 70 361 116
0576.jpg 385 266 458 330
0577.jpg 23 97 81 159
0578.jpg 360 149 408 185
0579.jpg 302 3 382 85
0580.jpg 404 43 470 106
0581.jpg 323 257 393 346
0582.jpg 98 128 191 234
0583.jpg 339 269 412 333
0584.jpg 315 267 370 313
0585.jpg 15 36 63 100
0586.jpg 8 219 72 265
0587.jpg 1 6 134 120
0588.jpg 63 129 158 215
0589.jpg 382 260 471 347
0590.jpg 71 214 198 323
0591.jpg 149 246 223 344
0592.jpg 402 229 463 311
0593.jpg 23 0 156 114
0594.jpg 253 242 369 353
0595.jpg 304 219 347 265
0596.jpg 29 224 126 315
0597.jpg 29 106 121 234
0598.jpg 92 102 151 171
0599.jpg 320 10 432 117
0600.jpg 342 92 443 178
0601.jpg 314 6 400 88
0602.jpg 316 85 370 149
0603.jpg 118 249 213 335
0604.jpg 366 208 464 317
0605.jpg 50 163 134 226
0606.jpg 84 180 132 244
0607.jpg 34 219 110 326
0608.jpg 59 172 143 288
0609.jpg 409 297 460 353
0610.jpg 115 258 178 329
0611.jpg 150 181 254 289
0612.jpg 32 113 106 197
0613.jpg 235 164 290 210
0614.jpg 241 224 302 306
0615.jpg 62 60 148 142
0616.jpg 165 213 208 259
0617.jpg 196 266 302 356
0618.jpg 154 21 234 103
0619.jpg 243 10 337 91
0620.jpg 70 178 104 224
0621.jpg 331 125 425 206
0622.jpg 376 255 456 345
0623.jpg 359 220 437 277
0624.jpg 101 114 248 242
0625.jpg 136 215 216 305
0626.jpg 32 239 87 285
0627.jpg 157 163 219 219
0628.jpg 139 207 354 355
0629.jpg 46 192 216 340
0630.jpg 343 51 401 113
0631.jpg 65 37 117 108
0632.jpg 35 281 105 352
0633.jpg 333 35 449 146
0634.jpg 200 259 284 322
0635.jpg 335 287 397 343
0636.jpg 174 40 295 128
0637.jpg 186 248 330 356
0638.jpg 81 259 159 316
0639.jpg 25 222 110 320
0640.jpg 136 236 188 307
0641.jpg 109 214 164 260
0642.jpg 270 38 394 186
0643.jpg 344 40 399 86
0644.jpg 307 25 377 96
0645.jpg 282 131 356 229
0646.jpg 22 3 77 49
0647.jpg 450 141 478 177
0648.jpg 145 62 239 143
0649.jpg 351 295 413 351
0650.jpg 316 265 386 336
0651.jpg 360 150 466 240
0652.jpg 344 254 389 314
0653.jpg 205 65 309 163
0654.jpg 322 3 414 69
0655.jpg 275 210 329 274
0656.jpg 97 55 161 144
0657.jpg 14 84 99 156
0658.jpg 208 170 271 241
0659.jpg 61 63 146 135
0660.jpg 320 26 396 93
0661.jpg 157 87 278 175
0662.jpg 149 27 197 91
0663.jpg 112 54 218 144
0664.jpg 106 60 253 188
0665.jpg 326 106 472 254
0666.jpg 81 51 135 115
0667.jpg 293 26 366 90
0668.jpg 264 96 327 167
0669.jpg 378 6 448 77
0670.jpg 210 253 259 299
0671.jpg 397 192 461 281
0672.jpg 76 307 124 343
0673.jpg 18 192 165 320
0674.jpg 39 245 140 317
0675.jpg 36 93 128 221
0676.jpg 351 184 478 293
0677.jpg 325 144 429 252
0678.jpg 209 204 424 352
0679.jpg 369 178 449 260
0680.jpg 237 216 367 305
0681.jpg 177 70 241 116
0682.jpg 11 207 103 335
0683.jpg 138 257 239 343
0684.jpg 343 52 450 200
0685.jpg 341 233 417 300
0686.jpg 241 244 385 352
0687.jpg 198 269 308 351
0688.jpg 71 26 241 174
0689.jpg 178 115 279 187
0690.jpg 80 222 251 349
0691.jpg 8 79 109 165
0692.jpg 167 177 216 223
0693.jpg 0 184 107 332
0694.jpg 303 5 388 77
0695.jpg 1 82 77 149
0696.jpg 11 249 95 312
0697.jpg 8 22 88 104
0698.jpg 373 111 418 171
0699.jpg 293 307 321 343
0700.jpg 222 272 265 318
0701.jpg 5 163 44 209
0702.jpg 227 235 261 281
0703.jpg 16 37 89 101
0704.jpg 351 294 417 357
0705.jpg 179 233 300 339
0706.jpg 153 215 216 286
0707.jpg 333 137 418 209
0708.jpg 120 152 171 208
0709.jpg 7 4 111 102
0710.jpg 224 49 328 147
0711.jpg 108 226 215 342
0712.jpg 277 241 419 339
0713.jpg 122 43 158 79
0714.jpg 245 16 315 105
0715.jpg 263 213 386 329
0716.jpg 244 95 374 184
0717.jpg 107 200 208 286
0718.jpg 29 48 87 110
0719.jpg 188 280 261 336
0720.jpg 344 5 467 121
0721.jpg 92 42 135 88
0722.jpg 74 8 160 90
0723.jpg 10 77 83 141
0724.jpg 15 46 161 194
0725.jpg 408 263 469 345
0726.jpg 299 272 379 354
0727.jpg 172 45 245 101
0728.jpg 252 147 368 229
0729.jpg 82 213 267 340
0730.jpg 231 199 311 289
0731.jpg 0 243 156 351
0732.jpg 361 208 425 297
0733.jpg 160 78 234 162
0734.jpg 359 157 429 228
0735.jpg 17 266 72 312
0736.jpg 11 15 167 123
0737.jpg 8 49 135 158
0738.jpg 151 215 242 327
0739.jpg 179 133 279 262
0740.jpg 218 244 279 326
0741.jpg 21 42 156 190
0742.jpg 179 3 228 49
0743.jpg 58 168 112 232
0744.jpg 17 4 172 120
0745.jpg 392 101 437 161
0746.jpg 265 4 350 76
0747.jpg 412 6 440 42
0748.jpg 239 34 343 132
0749.jpg 15 47 171 155
0750.jpg 112 197 213 269
0751.jpg 239 262 281 317
0752.jpg 34 51 83 97
0753.jpg 186 106 235 152
0754.jpg 407 139 458 195
0755.jpg 342 231 415 287
0756.jpg 385 90 436 146
0757.jpg 281 121 357 228
0758.jpg 252 202 320 284
0759.jpg 115 301 164 347
0760.jpg 34 137 123 224
0761.jpg 275 108 360 216
0762.jpg 187 24 297 106
0763.jpg 365 131 464 247
0764.jpg 67 302 118 358
0765.jpg 320 33 378 95
0766.jpg 179 289 238 358
0767.jpg 297 57 376 128
0768.jpg 42 31 126 94
0769.jpg 174 27 244 116
0770.jpg 58 300 109 356
0771.jpg 14 22 82 104
0772.jpg 254 111 302 147
0773.jpg 74 64 180 154
0774.jpg 197 297 246 343
0775.jpg 73 109 109 145
0776.jpg 390 245 458 327
0777.jpg 69 75 173 183
0778.jpg 263 173 348 245
0779.jpg 9 231 64 277
0780.jpg 105 190 286 338
0781.jpg 292 313 341 359
0782.jpg 402 103 451 149
0783.jpg 393 277 472 348
0784.jpg 59 88 117 150
0785.jpg 249 162 333 225
0786.jpg 314 213 368 277
0787.jpg 146 74 194 110
0788.jpg 154 206 282 335
0789.jpg 67 247 115 311
0790.jpg 106 188 248 286
0791.jpg 41 166 125 229
0792.jpg 5 258 79 356
0793.jpg 238 36 329 148
0794.jpg 153 73 252 189
0795.jpg 63 289 155 355
0796.jpg 70 29 198 158
0797.jpg 258 219 379 325
0798.jpg 151 1 272 89
0799.jpg 386 13 462 80
0800.jpg 202 16 276 100
0801.jpg 244 20 330 102
0802.jpg 0 243 121 349
0803.jpg 181 266 311 355
0804.jpg 313 53 434 159
0805.jpg 168 277 202 323
0806.jpg 350 11 464 109
0807.jpg 331 195 370 241
0808.jpg 391 210 471 300
0809.jpg 216 35 311 133
0810.jpg 45 189 146 275
0811.jpg 55 42 129 140
0812.jpg 346 151 441 237
0813.jpg 284 248 394 330
0814.jpg 310 2 383 58
0815.jpg 189 35 262 91
0816.jpg 315 12 419 110
0817.jpg 411 103 459 167
0818.jpg 19 26 87 108
0819.jpg 346 27 469 143
0820.jpg 14 219 90 326
0821.jpg 404 76 478 160
0822.jpg 70 258 134 347
0823.jpg 28 62 112 178
0824.jpg 327 204 425 313
0825.jpg 0 20 66 83
0826.jpg 360 313 388 349
0827.jpg 28 40 134 130
0828.jpg 2 223 76 307
0829.jpg 201 54 274 110
0830.jpg 134 1 210 108
0831.jpg 383 141 456 205
0832.jpg 42 160 121 231
0833.jpg 0 151 95 237
0834.jpg 356 99 405 145
0835.jpg 375 75 467 141
0836.jpg 6 76 120 204
0837.jpg 23 120 117 201
0838.jpg 23 156 57 202
0839.jpg 356 228 401 288
0840.jpg 449 247 477 283
0841.jpg 191 275 271 357
0842.jpg 226 302 281 348
0843.jpg 373 66 472 182
0844.jpg 272 208 336 297
0845.jpg 91 218 155 264
0846.jpg 211 67 253 122
0847.jpg 89 2 209 131
0848.jpg 362 35 463 107
0849.jpg 293 206 355 262
0850.jpg 385 212 477 278
0851.jpg 290 191 397 307
0852.jpg 237 173 427 304
0853.jpg 39 26 124 124
0854.jpg 236 146 340 254
0855.jpg 199 67 257 129
0856.jpg 42 229 122 319
0857.jpg 390 37 479 124
0858.jpg 317 25 380 96
0859.jpg 98 22 147 68
0860.jpg 289 141 337 177
0861.jpg 152 170 307 286
0862.jpg 31 293 59 329
0863.jpg 18 48 157 178
0864.jpg 47 215 127 297
0865.jpg 19 104 67 140
0866.jpg 337 57 431 138
0867.jpg 241 56 314 112
0868.jpg 92 98 222 187
0869.jpg 334 177 397 248
0870.jpg 81 53 126 113
0871.jpg 32 56 71 102
0872.jpg 349 77 449 206
0873.jpg 290 19 394 117
0874.jpg 351 7 458 123
0875.jpg 422 109 476 173
0876.jpg 437 131 479 186
0877.jpg 144 289 187 335
0878.jpg 377 310 426 356
0879.jpg 269 274 361 340
0880.jpg 19 84 53 130
0881.jpg 195 12 284 99
0882.jpg 73 275 158 347
0883.jpg 48 91 128 181
0884.jpg 360 99 467 215
0885.jpg 191 15 245 79
0886.jpg 36 177 137 249
0887.jpg 359 211 421 267
0888.jpg 346 236 401 282
0889.jpg 258 45 336 102
0890.jpg 194 41 257 112
0891.jpg 114 9 211 100
0892.jpg 348 245 421 301
0893.jpg 295 200 430 327
0894.jpg 220 128 348 257
0895.jpg 257 233 296 279
0896.jpg 349 71 403 135
0897.jpg 78 241 156 298
0898.jpg 49 38 146 129
0899.jpg 343 3 428 101
0900.jpg 176 82 265 169
0901.jpg 76 91 125 137
0902.jpg 154 8 275 96
0903.jpg 200 25 312 132
0904.jpg 5 29 73 111
0905.jpg 347 91 413 154
0906.jpg 313 46 379 109
0907.jpg 218 313 267 359
0908.jpg 350 303 423 359
0909.jpg 358 33 456 142
0910.jpg 9 263 103 344
0911.jpg 314 266 411 357
0912.jpg 220 21 321 93
0913.jpg 45 250 124 321
0914.jpg 45 97 124 168
0915.jpg 203 287 304 359
0916.jpg 350 180 454 288
0917.jpg 17 232 90 288
0918.jpg 275 271 333 333
0919.jpg 180 207 265 279
0920.jpg 31 215 123 281
0921.jpg 50 158 118 240
0922.jpg 322 10 376 74
0923.jpg 169 1 233 47
0924.jpg 143 12 228 84
0925.jpg 367 238 441 322
0926.jpg 318 249 392 347
0927.jpg 48 267 90 322
0928.jpg 282 272 383 358
0929.jpg 228 173 375 301
0930.jpg 230 95 273 141
0931.jpg 283 173 359 280
0932.jpg 303 226 354 282
0933.jpg 282 25 405 141
0934.jpg 266 227 413 355
0935.jpg 315 111 427 218
0936.jpg 409 75 463 139
0937.jpg 70 49 159 136
0938.jpg 368 54 467 170
0939.jpg 205 42 275 113
0940.jpg 45 220 84 266
0941.jpg 384 161 448 207
0942.jpg 374 29 475 101
0943.jpg 390 176 476 258
0944.jpg 359 184 418 253
0945.jpg 64 2 115 58
0946.jpg 18 56 92 154
0947.jpg 381 216 423 271
0948.jpg 29 233 109 315
0949.jpg 88 67 127 113
0950.jpg 405 6 453 70
0951.jpg 241 233 347 323
0952.jpg 331 71 385 135
0953.jpg 351 265 440 352
0954.jpg 298 290 347 336
0955.jpg 332 129 380 165
0956.jpg 172 29 235 100
0957.jpg 290 171 402 278
0958.jpg 7 4 121 132
0959.jpg 363 117 461 226
0960.jpg 273 251 417 359
0961.jpg 71 11 168 102
0962.jpg 166 223 334 339
0963.jpg 59 217 102 263
0964.jpg 209 248 279 319
0965.jpg 165 246 266 332
0966.jpg 368 230 459 342
0967.jpg 39 57 136 148
0968.jpg 117 151 274 299
0969.jpg 288 282 358 353
0970.jpg 92 104 156 150
0971.jpg 78 171 276 319
0972.jpg 232 230 298 293
0973.jpg 330 81 422 209
0974.jpg 332 61 408 168
0975.jpg 72 55 146 153
0976.jpg 269 175 337 257
0977.jpg 78 30 171 136
0978.jpg 192 15 382 146
0979.jpg 139 236 178 282
0980.jpg 254 31 368 129
0981.jpg 223 177 367 285
0982.jpg 355 202 456 274
0983.jpg 362 219 466 327
0984.jpg 319 137 382 208
0985.jpg 423 20 478 66
0986.jpg 373 173 436 244
0987.jpg 149 229 334 356
0988.jpg 13 76 72 145
0989.jpg 4 124 118 222
0990.jpg 288 252 381 358
0991.jpg 347 145 423 252
0992.jpg 148 252 203 298
0993.jpg 301 36 386 134
0994.jpg 368 88 396 124
0995.jpg 224 160 328 268
0996.jpg 264 169 356 235
0997.jpg 274 7 350 114
0998.jpg 264 137 434 285
0999.jpg 25 109 95 180
1000.jpg 27 237 119 303
0001.jpg 222 233 300 290
0002.jpg 239 70 367 199
0003.jpg 305 124 444 254
0004.jpg 352 314 380 350
0005.jpg 88 13 229 129
0006.jpg 37 20 158 108
0007.jpg 347 68 438 180
0008.jpg 221 255 285 301
0009.jpg 161 241 246 339
0010.jpg 73 50 116 96
0011.jpg 315 262 393 319
0012.jpg 224 73 336 180
0013.jpg 355 83 461 173
0014.jpg 93 220 186 326
0015.jpg 208 261 278 332
0016.jpg 20 133 99 204
0017.jpg 19 182 77 244
0018.jpg 395 294 434 340
0019.jpg 208 247 242 293
0020.jpg 244 287 314 358
0021.jpg 240 224 289 270
0022.jpg 40 237 116 344
0023.jpg 38 179 77 225
0024.jpg 68 274 127 343
0025.jpg 364 124 398 170
0026.jpg 0 173 48 209
0027.jpg 93 171 121 207
0028.jpg 245 23 296 79
0029.jpg 398 236 461 307
0030.jpg 292 208 377 280
0031.jpg 2 217 87 289
0032.jpg 144 273 217 329
0033.jpg 370 97 418 161
0034.jpg 99 9 215 91
0035.jpg 7 82 59 153
0036.jpg 138 1 242 99
0037.jpg 31 192 175 300
0038.jpg 346 36 395 82
0039.jpg 331 39 389 101
0040.jpg 295 241 407 348
0041.jpg 6 169 51 229
0042.jpg 9 134 179 282
0043.jpg 36 206 136 335
0044.jpg 351 85 405 149
0045.jpg 273 169 332 238
0046.jpg 92 129 170 186
0047.jpg 272 4 345 60
0048.jpg 62 105 161 221
0049.jpg 287 196 455 312
0050.jpg 295 55 390 141
0051.jpg 215 188 329 316
0052.jpg 78 16 188 98
0053.jpg 311 253 408 344
0054.jpg 301 112 375 210
0055.jpg 43 149 98 195
0056.jpg 314 186 409 284
0057.jpg 223 285 307 348
0058.jpg 217 221 287 310
0059.jpg 400 122 478 179
0060.jpg 12 102 139 211
0061.jpg 149 179 213 225
0062.jpg 150 258 247 349
0063.jpg 87 215 155 297
0064.jpg 203 235 307 333
0065.jpg 38 245 108 316
0066.jpg 392 7 465 63
0067.jpg 328 185 414 267
0068.jpg 24 161 109 259
0069.jpg 124 2 208 65
0070.jpg 357 238 427 327
0071.jpg 346 168 412 231
0072.jpg 8 183 108 312
0073.jpg 334 165 376 220
0074.jpg 15 259 70 305
0075.jpg 87 168 229 266
0076.jpg 54 195 134 285
0077.jpg 266 115 358 243
0078.jpg 37 271 88 327
0079.jpg 223 126 335 233
0080.jpg 17 130 158 246
0081.jpg 64 88 199 215
0082.jpg 34 47 98 136
0083.jpg 245 193 287 248
0084.jpg 130 258 193 329
0085.jpg 63 174 162 290
0086.jpg 387 254 460 318
0087.jpg 39 106 195 214
0088.jpg 100 272 143 318
0089.jpg 20 190 104 253
0090.jpg 14 71 88 169
0091.jpg 66 72 120 136
0092.jpg 380 123 464 239
0093.jpg 15 241 64 287
0094.jpg 202 191 293 303
0095.jpg 174 16 254 98
0096.jpg 3 185 89 267
0097.jpg 21 108 76 154
0098.jpg 6 284 65 353
0099.jpg 36 278 100 324
0100.jpg 107 15 143 51
0101.jpg 11 97 135 245
0102.jpg 323 223 371 259
0103.jpg 316 50 440 198
0104.jpg 147 114 241 195
0105.jpg 310 187 417 303
0106.jpg 130 124 230 253
0107.jpg 77 7 223 155
0108.jpg 328 143 407 214
0109.jpg 270 189 363 295
0110.jpg 251 15 384 129
0111.jpg 303 72 376 128
0112.jpg 189 199 387 347
0113.jpg 121 182 176 228
0114.jpg 385 117 476 229
0115.jpg 77 286 111 332
0116.jpg 30 181 114 244
0117.jpg 15 147 114 263
0118.jpg 408 274 459 330
0119.jpg 26 31 100 129
0120.jpg 6 210 69 281
0121.jpg 18 238 122 346
0122.jpg 409 118 457 154
0123.jpg 90 100 151 182
0124.jpg 413 289 472 358
0125.jpg 314 18 380 81
0126.jpg 409 223 454 283
0127.jpg 63 255 152 342
0128.jpg 72 185 287 333
0129.jpg 341 193 476 320
0130.jpg 111 23 238 132
0131.jpg 38 127 159 233
0132.jpg 156 34 327 161
0133.jpg 230 252 288 314
0134.jpg 25 10 104 81
0135.jpg 201 253 285 316
0136.jpg 74 24 113 70
0137.jpg 34 14 141 162
0138.jpg 53 58 154 144
0139.jpg 97 303 133 339
0140.jpg 327 54 363 90
0141.jpg 1 98 85 161
0142.jpg 369 31 428 100
0143.jpg 30 15 125 113
0144.jpg 329 64 464 191
0145.jpg 341 38 405 127
0146.jpg 435 297 474 343
0147.jpg 397 256 452 302
0148.jpg 357 72 469 179
0149.jpg 1 53 107 143
0150.jpg 370 212 418 248
0151.jpg 376 238 415 284
0152.jpg 26 60 90 149
0153.jpg 6 207 105 323
0154.jpg 350 38 430 120
0155.jpg 129 18 172 64
0156.jpg 49 88 143 169
0157.jpg 439 41 475 77
0158.jpg 4 22 112 150
0159.jpg 54 202 235 350
0160.jpg 175 64 238 135
0161.jpg 79 253 180 325
0162.jpg 449 288 477 324
0163.jpg 114 277 194 359
0164.jpg 38 273 93 319
0165.jpg 407 196 470 267
0166.jpg 49 286 125 353
0167.jpg 2 188 86 304
0168.jpg 375 255 453 312
0169.jpg 432 233 466 279
0170.jpg 18 46 66 110
0171.jpg 225 9 286 91
0172.jpg 206 227 276 298
0173.jpg 247 257 299 328
0174.jpg 115 40 179 129
0175.jpg 404 95 446 150
0176.jpg 324 233 468 341
0177.jpg 380 315 416 351
0178.jpg 77 166 155 223
0179.jpg 49 193 156 341
0180.jpg 116 200 194 257
0181.jpg 326 219 411 327
0182.jpg 72 249 114 304
0183.jpg 134 241 192 303
0184.jpg 384 59 464 149
0185.jpg 334 266 376 321
0186.jpg 367 283 437 354
0187.jpg 173 255 225 326
0188.jpg 394 231 446 302
0189.jpg 317 121 445 250
0190.jpg 241 17 380 147
0191.jpg 392 267 420 303
0192.jpg 11 37 77 100
0193.jpg 348 91 447 207
0194.jpg 66 212 201 339
0195.jpg 266 75 396 164
0196.jpg 89 212 187 321
0197.jpg 42 137 172 226
0198.jpg 3 48 64 130
0199.jpg 361 164 422 246
0200.jpg 137 264 211 348
0201.jpg 13 164 108 262
0202.jpg 364 179 418 243
0203.jpg 136 1 175 47
0204.jpg 34 223 114 305
0205.jpg 26 178 130 276
0206.jpg 180 245 244 291
0207.jpg 76 216 197 304
0208.jpg 71 18 156 116
0209.jpg 379 0 431 71
0210.jpg 199 225 235 261
0211.jpg 209 195 390 343
0212.jpg 361 159 446 267
0213.jpg 22 210 207 337
0214.jpg 358 217 472 345
0215.jpg 367 18 429 74
0216.jpg 350 282 423 346
0217.jpg 295 274 344 320
0218.jpg 74 20 132 82
0219.jpg 3 215 142 345
0220.jpg 242 160 316 244
0221.jpg 226 171 323 262
0222.jpg 123 226 250 335
0223.jpg 363 240 442 311
0224.jpg 325 119 429 227
0225.jpg 344 129 417 185
0226.jpg 352 109 476 257
0227.jpg 185 198 251 261
0228.jpg 236 21 300 67
0229.jpg 302 203 394 269
0230.jpg 175 297 253 354
0231.jpg 318 24 417 140
0232.jpg 84 247 190 337
0233.jpg 376 181 446 270
0234.jpg 163 292 212 338
0235.jpg 401 228 467 291
0236.jpg 364 200 450 282
0237.jpg 353 171 423 242
0238.jpg 110 171 146 207
0239.jpg 42 272 91 318
0240.jpg 181 267 229 331
0241.jpg 326 46 360 92
0242.jpg 369 24 449 114
0243.jpg 158 219 286 348
0244.jpg 156 158 220 204
0245.jpg 332 31 433 117
0246.jpg 327 200 413 282
0247.jpg 199 196 356 344
0248.jpg 9 123 101 189
0249.jpg 289 172 474 299
0250.jpg 370 244 425 290
0251.jpg 156 236 218 292
0252.jpg 202 294 275 350
0253.jpg 164 155 320 284
0254.jpg 91 95 171 185
0255.jpg 29 260 124 358
0256.jpg 189 202 281 330
0257.jpg 351 7 455 105
0258.jpg 186 24 342 132
0259.jpg 284 60 376 188
0260.jpg 101 247 165 336
0261.jpg 308 54 463 170
0262.jpg 83 231 206 347
0263.jpg 144 205 315 332
0264.jpg 121 52 170 98
0265.jpg 325 105 409 221
0266.jpg 161 257 234 321
0267.jpg 379 133 421 188
0268.jpg 9 277 57 313
0269.jpg 296 176 391 262
0270.jpg 347 178 410 249
0271.jpg 16 73 59 119
0272.jpg 193 17 307 115
0273.jpg 167 310 222 356
0274.jpg 260 130 353 236
0275.jpg 79 3 152 59
0276.jpg 285 144 319 190
0277.jpg 318 228 388 317
0278.jpg 23 100 124 172
0279.jpg 80 199 186 289
0280.jpg 122 263 208 345
0281.jpg 246 31 310 77
0282.jpg 71 249 144 313
0283.jpg 25 171 95 242
0284.jpg 3 226 117 324
0285.jpg 89 42 183 123
0286.jpg 338 180 461 296
0287.jpg 51 151 135 267
0288.jpg 318 93 380 149
0289.jpg 319 10 395 117
0290.jpg 185 251 261 358
0291.jpg 350 199 435 297
0292.jpg 121 14 251 103
0293.jpg 308 57 384 124
0294.jpg 148 269 221 333
0295.jpg 354 96 449 182
0296.jpg 330 273 408 330
0297.jpg 130 50 179 96
0298.jpg 229 214 324 312
0299.jpg 139 202 281 300
0300.jpg 348 207 427 278
0301.jpg 10 57 109 173
0302.jpg 56 243 119 314
0303.jpg 23 41 68 101
0304.jpg 36 239 148 346
0305.jpg 42 227 84 282
0306.jpg 203 186 239 222
0307.jpg 229 137 313 253
0308.jpg 280 189 436 318
0309.jpg 325 121 439 219
0310.jpg 305 140 421 222
0311.jpg 283 6 464 154
0312.jpg 217 30 281 119
0313.jpg 333 23 431 132
0314.jpg 368 81 416 145
0315.jpg 314 3 362 39
0316.jpg 331 0 410 71
0317.jpg 79 282 124 342
0318.jpg 413 198 455 253
0319.jpg 40 27 98 89
0320.jpg 332 15 455 131
0321.jpg 275 27 370 125
0322.jpg 239 31 332 137
0323.jpg 347 52 409 108
0324.jpg 244 127 280 163
0325.jpg 115 266 157 321
0326.jpg 239 71 317 128
0327.jpg 138 57 193 103
0328.jpg 118 114 146 150
0329.jpg 187 24 355 140
0330.jpg 37 48 178 164
0331.jpg 136 244 202 307
0332.jpg 393 187 478 295
0333.jpg 321 194 456 321
0334.jpg 256 28 427 155
0335.jpg 104 109 178 207
0336.jpg 243 212 347 320
0337.jpg 317 2 353 38
0338.jpg 362 211 461 327
0339.jpg 199 309 242 355
0340.jpg 286 201 362 308
0341.jpg 362 266 459 357
0342.jpg 101 11 174 75
0343.jpg 243 9 285 64
0344.jpg 12 223 97 295
0345.jpg 25 186 99 270
0346.jpg 353 39 417 85
0347.jpg 446 309 474 345
0348.jpg 135 27 230 125
0349.jpg 149 216 223 314
0350.jpg 264 241 334 312
0351.jpg 116 0 211 98
0352.jpg 45 2 84 48
0353.jpg 24 121 103 192
0354.jpg 330 42 409 113
0355.jpg 274 36 354 118
0356.jpg 245 38 318 102
0357.jpg 149 255 192 301
0358.jpg 204 63 297 169
0359.jpg 320 270 412 336
0360.jpg 341 273 427 355
0361.jpg 109 38 230 144
0362.jpg 35 154 120 226
0363.jpg 59 286 98 332
0364.jpg 328 89 408 179
0365.jpg 84 101 169 199
0366.jpg 15 219 171 348
0367.jpg 62 294 135 358
0368.jpg 95 253 209 351
0369.jpg 304 47 377 111
0370.jpg 293 128 342 174
0371.jpg 14 106 161 234
0372.jpg 292 32 460 148
0373.jpg 116 230 272 338
0374.jpg 82 164 121 210
0375.jpg 321 225 422 311
0376.jpg 60 13 134 111
0377.jpg 280 284 331 340
0378.jpg 60 73 140 163
0379.jpg 359 187 411 258
0380.jpg 370 182 467 273
0381.jpg 10 31 84 129
0382.jpg 79 155 173 236
0383.jpg 1 215 186 342
0384.jpg 283 61 397 159
0385.jpg 188 213 264 280
0386.jpg 17 154 124 302
0387.jpg 46 21 132 103
0388.jpg 365 163 469 261
0389.jpg 366 83 442 190
0390.jpg 398 286 440 341
0391.jpg 369 107 469 236
0392.jpg 97 21 181 84
0393.jpg 41 27 155 125
0394.jpg 383 74 467 190
0395.jpg 83 135 138 181
0396.jpg 240 33 306 96
0397.jpg 358 49 465 165
0398.jpg 382 38 441 107
0399.jpg 17 273 85 355
0400.jpg 227 166 266 212
0401.jpg 28 204 172 312
0402.jpg 92 240 143 296
0403.jpg 258 1 306 37
0404.jpg 108 276 176 358
0405.jpg 16 179 186 327
0406.jpg 286 137 384 246
0407.jpg 31 126 154 242
0408.jpg 383 225 441 287
0409.jpg 344 126 458 254
0410.jpg 54 92 122 174
0411.jpg 373 134 464 246
0412.jpg 50 176 196 324
0413.jpg 257 21 425 137
0414.jpg 121 79 216 165
0415.jpg 258 114 405 242
0416.jpg 286 168 410 316
0417.jpg 140 62 256 173
0418.jpg 296 27 388 155
0419.jpg 120 30 148 66
0420.jpg 345 250 449 348
0421.jpg 157 241 221 287
0422.jpg 57 90 125 172
0423.jpg 348 25 428 107
0424.jpg 342 77 415 133
0425.jpg 66 180 198 278
0426.jpg 18 13 117 129
0427.jpg 23 222 213 353
0428.jpg 167 230 228 312
0429.jpg 5 135 90 207
0430.jpg 332 202 440 330
0431.jpg 225 243 299 341
0432.jpg 252 267 373 355
0433.jpg 4 83 150 231
0434.jpg 3 3 83 85
0435.jpg 142 39 239 130
0436.jpg 146 16 222 83
0437.jpg 210 7 288 64
0438.jpg 334 119 440 209
0439.jpg 166 271 282 353
0440.jpg 342 126 421 197
0441.jpg 389 256 473 319
0442.jpg 428 64 456 100
0443.jpg 121 14 222 86
0444.jpg 32 60 105 124
0445.jpg 320 9 390 80
0446.jpg 175 135 373 283
0447.jpg 31 105 164 219
0448.jpg 224 2 409 129
0449.jpg 76 84 192 195
0450.jpg 36 20 115 91
0451.jpg 124 49 259 176
0452.jpg 70 114 155 222
0453.jpg 291 245 377 327
0454.jpg 207 282 265 344
0455.jpg 317 1 408 113
0456.jpg 54 256 128 340
0457.jpg 54 15 139 123
0458.jpg 238 51 365 160
0459.jpg 101 7 257 115
0460.jpg 264 249 406 347
0461.jpg 344 181 424 263
0462.jpg 47 193 140 299
0463.jpg 72 0 202 89
0464.jpg 161 15 265 113
0465.jpg 356 210 477 298
0466.jpg 56 148 132 215
0467.jpg 1 91 98 182
0468.jpg 43 201 258 349
0469.jpg 191 10 219 46
0470.jpg 258 264 316 326
0471.jpg 181 109 229 145
0472.jpg 43 61 101 123
0473.jpg 271 171 357 253
0474.jpg 234 26 341 142
0475.jpg 179 285 249 356
0476.jpg 105 280 156 336
0477.jpg 34 233 175 349
0478.jpg 46 249 116 320
0479.jpg 290 38 420 127
0480.jpg 339 51 428 138
0481.jpg 80 269 154 353
0482.jpg 58 282 159 354
0483.jpg 53 235 102 281
0484.jpg 352 227 472 356
0485.jpg 358 134 478 263
0486.jpg 355 50 463 178
0487.jpg 1 75 74 139
0488.jpg 104 261 189 359
0489.jpg 27 74 198 201
0490.jpg 387 1 472 109
0491.jpg 98 99 141 145
0492.jpg 386 106 428 161
0493.jpg 33 217 76 263
0494.jpg 315 74 400 182
0495.jpg 390 122 441 178
0496.jpg 23 117 114 229
0497.jpg 267 60 322 106
0498.jpg 217 70 295 127
0499.jpg 122 15 185 86
0500.jpg 128 33 284 162
0501.jpg 129 39 184 85
0502.jpg 81 4 249 120
0503.jpg 178 117 320 215
0504.jpg 91 275 201 357
0505.jpg 120 232 198 289
0506.jpg 158 93 264 183
0507.jpg 399 275 441 330
0508.jpg 178 69 294 151
0509.jpg 120 159 217 250
0510.jpg 6 50 112 140
0511.jpg 368 64 404 100
0512.jpg 330 73 358 109
0513.jpg 372 51 427 97
0514.jpg 118 277 182 323
0515.jpg 191 207 280 294
0516.jpg 232 251 280 315
0517.jpg 171 247 264 353
0518.jpg 135 162 187 233
0519.jpg 74 29 122 93
0520.jpg 207 277 301 358
0521.jpg 357 303 421 349
0522.jpg 221 100 351 189
0523.jpg 27 70 112 142
0524.jpg 345 148 459 276
0525.jpg 124 1 194 72
0526.jpg 180 53 238 115
0527.jpg 4 172 88 288
0528.jpg 41 93 132 205
0529.jpg 294 47 322 83
0530.jpg 79 3 199 132
0531.jpg 350 196 454 304
0532.jpg 38 143 104 206
0533.jpg 22 145 101 216
0534.jpg 46 278 95 324
0535.jpg 79 73 131 144
0536.jpg 120 36 190 107
0537.jpg 365 104 473 232
0538.jpg 260 19 340 109
0539.jpg 48 183 90 238
0540.jpg 196 32 245 78
0541.jpg 391 2 459 84
0542.jpg 48 220 112 309
0543.jpg 0 178 85 276
0544.jpg 400 16 474 100
0545.jpg 87 1 161 85
0546.jpg 383 288 456 352
0547.jpg 365 224 471 314
0548.jpg 18 119 92 217
0549.jpg 384 98 429 158
0550.jpg 283 1 380 92
0551.jpg 274 111 350 218
0552.jpg 77 30 168 142
0553.jpg 131 0 165 46
0554.jpg 12 279 113 351
0555.jpg 63 205 97 251
0556.jpg 356 60 432 127
0557.jpg 133 55 188 101
0558.jpg 13 297 71 359
0559.jpg 34 210 162 339
0560.jpg 67 31 129 87
0561.jpg 311 295 354 341
0562.jpg 34 0 77 46
0563.jpg 40 35 164 183
0564.jpg 129 233 222 339
0565.jpg 134 237 219 345
0566.jpg 62 163 176 291
0567.jpg 134 83 186 154
0568.jpg 380 252 444 341
0569.jpg 245 25 357 132
0570.jpg 9 37 180 164
0571.jpg 395 7 471 74
0572.jpg 31 227 116 325
0573.jpg 296 32 472 163
0574.jpg 52 47 103 103
0575.jpg 83 76 218 203
0576.jpg 51 141 110 210
0577.jpg 45 54 106 136
0578.jpg 404 292 440 328
0579.jpg 423 211 471 247
0580.jpg 242 237 285 283
0581.jpg 201 106 322 212
0582.jpg 378 180 472 261
0583.jpg 155 27 210 73
0584.jpg 161 205 197 241
0585.jpg 43 11 116 75
0586.jpg 345 91 440 177
0587.jpg 142 256 231 343
0588.jpg 208 21 281 77
0589.jpg 68 76 152 139
0590.jpg 13 140 114 212
0591.jpg 169 227 345 358
0592.jpg 366 67 463 158
0593.jpg 61 103 145 219
0594.jpg 357 302 399 357
0595.jpg 262 223 326 312
0596.jpg 139 8 255 90
0597.jpg 387 240 465 297
0598.jpg 62 53 159 144
0599.jpg 270 25 386 107
0600.jpg 344 215 420 322
0601.jpg 413 247 452 293
0602.jpg 32 15 112 105
0603.jpg 130 262 192 318
0604.jpg 35 267 99 356
0605.jpg 272 231 393 337
0606.jpg 77 246 126 292
0607.jpg 183 263 299 345
0608.jpg 12 129 88 196
0609.jpg 404 106 459 152
0610.jpg 167 12 230 83
0611.jpg 234 148 288 212
0612.jpg 182 232 218 268
0613.jpg 121 268 213 334
0614.jpg 129 50 208 121
0615.jpg 79 232 122 278
0616.jpg 43 219 182 349
0617.jpg 375 11 459 74
0618.jpg 221 276 322 348
0619.jpg 158 109 222 155
0620.jpg 56 44 211 160
0621.jpg 163 35 319 143
0622.jpg 320 258 368 294
0623.jpg 346 310 374 346
0624.jpg 160 168 350 299
0625.jpg 158 209 278 338
0626.jpg 379 263 464 335
0627.jpg 286 18 407 124
0628.jpg 95 215 174 286
0629.jpg 353 256 437 319
0630.jpg 389 253 459 324
0631.jpg 185 271 259 355
0632.jpg 304 225 443 355
0633.jpg 162 228 226 274
0634.jpg 63 41 91 77
0635.jpg 104 215 158 279
0636.jpg 266 0 329 71
0637.jpg 390 107 466 174
0638.jpg 317 29 402 137
0639.jpg 229 3 335 93
0640.jpg 194 166 298 264
0641.jpg 19 119 108 206
0642.jpg 74 249 129 295
0643.jpg 61 87 119 149
0644.jpg 42 3 81 49
0645.jpg 312 18 426 146
0646.jpg 93 3 205 110
0647.jpg 291 11 359 93
0648.jpg 197 222 305 350
0649.jpg 186 265 292 355
0650.jpg 337 15 385 51
0651.jpg 391 117 425 163
0652.jpg 262 192 403 308
0653.jpg 71 34 164 140
0654.jpg 377 50 461 113
0655.jpg 376 101 440 190
0656.jpg 230 33 294 122
0657.jpg 161 22 216 68
0658.jpg 58 75 162 183
0659.jpg 169 8 261 74
0660.jpg 246 272 295 318
0661.jpg 214 77 257 123
0662.jpg 241 264 275 310
0663.jpg 267 273 368 359
0664.jpg 12 80 85 144
0665.jpg 289 139 355 202
0666.jpg 361 183 467 273
0667.jpg 161 285 210 331
0668.jpg 10 233 154 341
0669.jpg 10 25 117 173
0670.jpg 328 222 463 349
0671.jpg 54 228 118 274
0672.jpg 0 71 80 153
0673.jpg 385 221 470 293
0674.jpg 109 284 173 330
0675.jpg 25 228 101 295
0676.jpg 348 54 442 135
0677.jpg 350 62 442 128
0678.jpg 372 49 478 139
0679.jpg 297 43 363 106
0680.jpg 187 221 326 351
0681.jpg 282 302 355 358
0682.jpg 70 21 106 57
0683.jpg 284 197 454 345
0684.jpg 115 210 225 292
0685.jpg 45 173 125 255
0686.jpg 358 275 413 321
0687.jpg 422 265 465 311
0688.jpg 359 77 418 146
0689.jpg 283 21 345 77
0690.jpg 294 265 389 351
0691.jpg 176 200 352 331
0692.jpg 357 137 455 246
0693.jpg 291 280 336 340
0694.jpg 397 130 470 186
0695.jpg 413 302 441 338
0696.jpg 150 256 229 327
0697.jpg 382 187 474 253
0698.jpg 270 11 365 97
0699.jpg 91 73 146 119
0700.jpg 405 66 478 130
0701.jpg 55 286 91 322
0702.jpg 307 295 365 357
0703.jpg 313 87 368 133
0704.jpg 364 63 438 147
0705.jpg 371 261 466 347
0706.jpg 148 208 269 314
0707.jpg 338 202 393 248
0708.jpg 99 19 179 109
0709.jpg 13 267 108 353
0710.jpg 161 38 256 136
0711.jpg 375 79 460 187
0712.jpg 38 60 117 131
0713.jpg 345 157 434 244
0714.jpg 279 293 321 348
0715.jpg 170 226 265 324
0716.jpg 139 0 324 127
0717.jpg 198 184 266 266
0718.jpg 92 191 249 339
0719.jpg 143 193 241 302
0720.jpg 30 54 172 152
0721.jpg 356 275 411 321
0722.jpg 302 16 394 144
0723.jpg 353 81 423 170
0724.jpg 363 32 467 140
0725.jpg 119 12 260 128
0726.jpg 198 219 293 317
0727.jpg 19 151 95 258
0728.jpg 244 182 361 330
0729.jpg 156 245 220 291
0730.jpg 230 229 325 315
0731.jpg 170 258 250 348
0732.jpg 378 224 467 311
0733.jpg 91 71 186 157
0734.jpg 187 13 241 77
0735.jpg 136 78 164 114
0736.jpg 133 63 191 125
0737.jpg 269 211 385 293
0738.jpg 51 102 131 184
0739.jpg 189 57 237 121
0740.jpg 128 213 226 322
0741.jpg 107 138 193 220
0742.jpg 154 4 239 112
0743.jpg 285 27 349 116
0744.jpg 241 39 296 85
0745.jpg 50 159 98 195
0746.jpg 11 12 106 98
0747.jpg 72 266 126 330
0748.jpg 193 200 348 316
0749.jpg 107 99 237 188
0750.jpg 230 119 296 182
0751.jpg 25 262 70 322
0752.jpg 201 29 274 93
0753.jpg 162 70 247 168
0754.jpg 235 273 287 344
0755.jpg 308 29 449 145
0756.jpg 337 43 380 89
0757.jpg 8 52 124 163
0758.jpg 359 250 393 296
0759.jpg 330 36 372 91
0760.jpg 89 41 165 148
0761.jpg 63 30 195 128
0762.jpg 0 54 117 202
0763.jpg 85 54 193 182
0764.jpg 320 62 409 149
0765.jpg 266 180 436 328
0766.jpg 245 83 338 189
0767.jpg 206 176 352 324
0768.jpg 306 12 360 76
0769.jpg 88 52 183 150
0770.jpg 234 34 292 96
0771.jpg 271 7 413 105
0772.jpg 20 21 150 110
0773.jpg 110 59 138 95
0774.jpg 188 186 233 246
0775.jpg 368 18 457 105
0776.jpg 190 206 291 278
0777.jpg 343 191 429 273
0778.jpg 345 211 407 267
0779.jpg 24 148 104 230
0780.jpg 277 34 401 182
0781.jpg 68 1 123 47
0782.jpg 328 15 440 122
0783.jpg 356 94 441 192
0784.jpg 350 51 392 106
0785.jpg 273 221 334 303
0786.jpg 150 166 235 274
0787.jpg 9 107 104 205
0788.jpg 181 190 349 306
0789.jpg 61 247 89 283
0790.jpg 380 17 469 104
0791.jpg 346 65 462 147
0792.jpg 57 27 99 82
0793.jpg 306 91 404 200
0794.jpg 179 10 247 92
0795.jpg 103 70 219 181
0796.jpg 51 105 227 236
0797.jpg 77 54 245 170
0798.jpg 167 12 258 124
0799.jpg 357 45 430 109
0800.jpg 11 139 77 202
0801.jpg 155 27 239 90
0802.jpg 345 40 431 122
0803.jpg 14 63 94 145
0804.jpg 371 104 469 213
0805.jpg 172 259 273 345
0806.jpg 68 19 123 65
0807.jpg 347 49 446 165
0808.jpg 334 175 432 284
0809.jpg 321 52 400 123
0810.jpg 401 66 465 112
0811.jpg 351 118 458 234
0812.jpg 87 289 153 352
0813.jpg 356 268 429 324
0814.jpg 59 58 107 122
0815.jpg 198 268 257 337
0816.jpg 60 16 157 107
0817.jpg 118 51 166 87
0818.jpg 0 58 28 94
0819.jpg 18 211 112 292
0820.jpg 28 90 129 162
0821.jpg 8 160 107 276
0822.jpg 316 30 444 159
0823.jpg 202 39 260 101
0824.jpg 19 17 58 63
0825.jpg 156 24 226 113
0826.jpg 393 219 463 290
0827.jpg 218 36 257 82
0828.jpg 157 296 206 342
0829.jpg 420 279 478 341
0830.jpg 396 102 457 184
0831.jpg 0 184 79 255
0832.jpg 173 21 212 67
0833.jpg 7 131 87 213
0834.jpg 397 180 448 236
0835.jpg 45 23 121 90
0836.jpg 123 15 224 87
0837.jpg 98 0 204 90
0838.jpg 300 38 364 84
0839.jpg 43 200 150 348
0840.jpg 359 295 401 350
0841.jpg 69 217 120 273
0842.jpg 93 303 127 349
0843.jpg 5 142 78 206
0844.jpg 341 183 471 272
0845.jpg 239 0 395 108
0846.jpg 50 236 93 282
0847.jpg 98 8 146 72
0848.jpg 402 206 441 252
0849.jpg 241 9 320 80
0850.jpg 89 131 140 187
0851.jpg 346 208 431 316
0852.jpg 299 203 379 293
0853.jpg 35 195 176 311
0854.jpg 230 139 344 237
0855.jpg 198 202 368 350
0856.jpg 349 121 450 193
0857.jpg 142 264 204 320
0858.jpg 69 22 149 112
0859.jpg 324 234 352 270
0860.jpg 265 57 344 128
0861.jpg 116 169 186 258
0862.jpg 343 252 407 341
0863.jpg 415 42 479 88
0864.jpg 262 137 320 199
0865.jpg 37 93 128 205
0866.jpg 377 86 441 175
0867.jpg 158 18 302 126
0868.jpg 20 244 124 342
0869.jpg 54 171 99 231
0870.jpg 53 120 98 180
0871.jpg 166 43 239 107
0872.jpg 18 196 98 278
0873.jpg 166 35 267 121
0874.jpg 7 137 70 208
0875.jpg 139 259 234 345
0876.jpg 70 14 186 96
0877.jpg 328 1 391 72
0878.jpg 102 97 153 153
0879.jpg 20 200 177 348
0880.jpg 11 34 90 105
0881.jpg 115 242 173 304
0882.jpg 119 15 183 104
0883.jpg 55 56 113 118
0884.jpg 256 47 320 93
0885.jpg 375 223 414 269
0886.jpg 404 168 468 214
0887.jpg 9 19 103 100
0888.jpg 124 227 219 313
0889.jpg 145 241 196 297
0890.jpg 262 88 408 236
0891.jpg 226 188 396 336
0892.jpg 138 261 268 350
0893.jpg 99 36 172 100
0894.jpg 156 14 241 112
0895.jpg 425 3 464 49
0896.jpg 183 301 261 358
0897.jpg 426 43 454 79
0898.jpg 352 102 415 173
0899.jpg 13 48 105 176
0900.jpg 56 87 184 216
0901.jpg 143 83 235 149
0902.jpg 169 36 228 105
0903.jpg 274 311 322 347
0904.jpg 373 16 452 87
0905.jpg 408 237 451 283
0906.jpg 283 311 311 347
0907.jpg 8 119 132 267
0908.jpg 318 164 411 270
0909.jpg 80 270 141 352
0910.jpg 36 98 134 207
0911.jpg 309 78 360 134
0912.jpg 366 3 474 131
0913.jpg 332 221 436 329
0914.jpg 1 250 111 332
0915.jpg 393 165 461 247
0916.jpg 331 63 470 193
0917.jpg 151 232 202 288
0918.jpg 162 40 225 111
0919.jpg 147 251 232 349
0920.jpg 322 204 398 311
0921.jpg 370 226 444 324
0922.jpg 37 96 128 208
0923.jpg 21 31 125 139
0924.jpg 414 126 456 181
0925.jpg 361 230 404 276
0926.jpg 78 243 151 307
0927.jpg 115 9 151 45
0928.jpg 1 22 40 68
0929.jpg 412 291 457 351
0930.jpg 181 30 259 87
0931.jpg 242 151 321 222
0932.jpg 368 115 432 161
0933.jpg 280 73 400 202
0934.jpg 51 213 137 295
0935.jpg 344 204 468 352
0936.jpg 368 168 431 239
0937.jpg 100 69 178 126
0938.jpg 17 145 124 293
0939.jpg 392 89 458 152
0940.jpg 395 272 479 335
0941.jpg 391 36 470 107
0942.jpg 348 311 376 347
0943.jpg 16 258 94 315
0944.jpg 353 163 460 279
0945.jpg 285 6 374 93
0946.jpg 95 163 134 209
0947.jpg 352 189 466 317
0948.jpg 58 231 116 293
0949.jpg 33 129 128 227
0950.jpg 58 108 128 179
0951.jpg 22 164 107 236
0952.jpg 363 274 399 310
0953.jpg 72 279 134 335
0954.jpg 287 109 350 180
0955.jpg 375 74 423 110
0956.jpg 330 193 424 274
0957.jpg 305 185 421 267
0958.jpg 217 48 256 94
0959.jpg 281 241 437 349
0960.jpg 355 7 416 89
0961.jpg 207 215 268 297
0962.jpg 141 192 240 308
0963.jpg 27 210 183 339
0964.jpg 263 211 398 359
0965.jpg 145 243 173 279
0966.jpg 82 166 196 294
0967.jpg 316 192 415 308
0968.jpg 323 165 409 247
0969.jpg 88 150 162 234
0970.jpg 269 151 437 267
0971.jpg 357 29 415 91
0972.jpg 2 185 47 245
0973.jpg 216 246 313 337
0974.jpg 312 206 416 304
0975.jpg 9 172 45 208
0976.jpg 365 59 462 150
0977.jpg 204 16 311 164
0978.jpg 354 289 405 345
0979.jpg 284 44 460 175
0980.jpg 248 156 355 304
0981.jpg 36 170 94 232
0982.jpg 89 196 287 344
0983.jpg 86 87 128 142
0984.jpg 268 208 396 337
0985.jpg 43 131 117 229
0986.jpg 428 204 470 259
0987.jpg 302 220 444 318
0988.jpg 200 182 324 330
0989.jpg 169 214 221 285
0990.jpg 159 183 263 281
0991.jpg 16 63 101 135
0992.jpg 133 191 257 339
0993.jpg 327 82 401 166
0994.jpg 340 130 426 212
0995.jpg 305 44 402 135
0996.jpg 12 209 227 357
0997.jpg 235 8 329 89
0998.jpg 290 207 369 278
0999.jpg 100 190 224 338
1000.jpg 162 182 230 264
0001.jpg 344 191 474 339
0002.jpg 285 77 369 140
0003.jpg 261 95 354 201
0004.jpg 13 262 62 308
0005.jpg 267 255 352 353
0006.jpg 367 106 441 190
0007.jpg 341 103 455 231
0008.jpg 367 76 475 204
0009.jpg 9 49 110 121
0010.jpg 22 259 61 305
0011.jpg 222 38 258 74
0012.jpg 296 261 374 318
0013.jpg 32 1 105 57
0014.jpg 68 217 163 315
0015.jpg 334 0 448 98
0016.jpg 153 17 237 80
0017.jpg 69 255 190 343
0018.jpg 3 23 45 78
0019.jpg 191 5 230 51
0020.jpg 255 263 356 349
0021.jpg 175 274 218 320
0022.jpg 334 323 362 359
0023.jpg 16 197 90 281
0024.jpg 44 245 174 334
0025.jpg 374 304 408 350
0026.jpg 413 240 475 296
0027.jpg 411 34 456 94
0028.jpg 165 4 286 92
0029.jpg 385 265 453 347
0030.jpg 63 65 105 120
0031.jpg 407 188 468 270
0032.jpg 83 40 149 103
0033.jpg 436 183 470 229
0034.jpg 4 5 84 95
0035.jpg 392 254 465 310
0036.jpg 3 152 142 282
0037.jpg 66 161 167 247
0038.jpg 284 57 320 93
0039.jpg 272 22 366 103
0040.jpg 49 28 108 97
0041.jpg 190 244 275 316
0042.jpg 6 40 145 170
0043.jpg 126 213 202 320
0044.jpg 273 97 349 204
0045.jpg 326 243 418 309
0046.jpg 40 156 102 212
0047.jpg 314 275 406 341
0048.jpg 38 246 154 328
0049.jpg 397 31 471 115
0050.jpg 287 144 371 260
0051.jpg 46 143 116 214
0052.jpg 403 136 448 196
0053.jpg 276 170 390 268
0054.jpg 395 20 471 87
0055.jpg 379 192 459 282
0056.jpg 315 253 429 351
0057.jpg 86 203 225 333
0058.jpg 151 203 261 285
0059.jpg 377 194 441 240
0060.jpg 52 112 130 169
0061.jpg 216 220 280 266
0062.jpg 82 207 212 355
0063.jpg 128 224 167 270
0064.jpg 380 2 431 58
0065.jpg 359 52 422 123
0066.jpg 38 231 145 347
0067.jpg 338 201 442 299
0068.jpg 194 182 362 298
0069.jpg 259 198 416 346
0070.jpg 360 297 415 343
0071.jpg 394 223 468 307
0072.jpg 441 144 475 190
0073.jpg 94 221 187 327
0074.jpg 81 258 143 314
0075.jpg 251 220 325 318
0076.jpg 94 169 208 267
0077.jpg 243 284 288 344
0078.jpg 74 227 207 341
0079.jpg 219 171 366 299
0080.jpg 111 13 174 84
0081.jpg 308 186 400 314
0082.jpg 395 183 453 245
0083.jpg 33 231 156 347
0084.jpg 198 271 234 307
0085.jpg 4 160 46 215
0086.jpg 24 278 100 345
0087.jpg 270 208 334 297
0088.jpg 214 216 382 332
0089.jpg 375 75 451 182
0090.jpg 3 30 79 97
0091.jpg 367 281 401 327
0092.jpg 80 125 144 214
0093.jpg 287 264 397 346
0094.jpg 314 65 441 174
0095.jpg 358 282 412 346
0096.jpg 148 54 221 118
0097.jpg 56 84 136 174
0098.jpg 44 163 108 252
0099.jpg 33 86 109 153
0100.jpg 23 159 66 205
0101.jpg 282 252 383 324
0102.jpg 47 235 120 291
0103.jpg 280 181 401 269
0104.jpg 28 14 156 143
0105.jpg 77 285 161 348
0106.jpg 345 151 407 207
0107.jpg 203 155 313 237
0108.jpg 227 205 291 251
0109.jpg 253 241 342 328
0110.jpg 314 262 377 333
0111.jpg 366 248 450 311
0112.jpg 343 130 450 278
0113.jpg 267 65 326 134
0114.jpg 41 143 120 214
0115.jpg 42 162 84 217
0116.jpg 263 12 342 83
0117.jpg 417 103 456 149
0118.jpg 2 102 75 158
0119.jpg 24 105 119 191
0120.jpg 90 75 211 163
0121.jpg 41 20 127 102
0122.jpg 9 307 52 353
0123.jpg 7 71 142 219
0124.jpg 430 98 472 153
0125.jpg 378 229 458 319
0126.jpg 12 84 119 232
0127.jpg 241 141 303 197
0128.jpg 297 289 351 353
0129.jpg 49 55 153 163
0130.jpg 300 228 361 310
0131.jpg 224 247 309 355
0132.jpg 28 245 123 343
0133.jpg 310 226 466 334
0134.jpg 63 18 152 105
0135.jpg 114 29 218 127
0136.jpg 439 77 473 123
0137.jpg 103 4 250 132
0138.jpg 117 62 159 117
0139.jpg 345 236 451 326
0140.jpg 10 71 101 183
0141.jpg 2 169 118 251
0142.jpg 330 244 388 306
0143.jpg 306 229 365 298
0144.jpg 93 228 129 264
0145.jpg 365 21 428 92
0146.jpg 62 162 169 278
0147.jpg 70 95 125 141
0148.jpg 62 99 120 161
0149.jpg 380 14 443 85
0150.jpg 20 85 128 213
0151.jpg 0 205 128 334
0152.jpg 400 121 449 167
0153.jpg 56 62 115 131
0154.jpg 80 248 122 303
0155.jpg 367 160 465 269
0156.jpg 7 108 86 179
0157.jpg 62 77 147 149
0158.jpg 88 45 185 136
0159.jpg 70 6 193 122
0160.jpg 227 22 326 138
0161.jpg 300 226 378 283
0162.jpg 355 158 478 274
0163.jpg 74 290 108 336
0164.jpg 393 217 435 272
0165.jpg 415 293 458 339
0166.jpg 34 169 113 240
0167.jpg 356 277 384 313
0168.jpg 366 8 446 90
0169.jpg 361 131 445 194
0170.jpg 384 79 473 166
0171.jpg 351 233 415 279
0172.jpg 333 288 381 324
0173.jpg 71 232 120 278
0174.jpg 354 261 449 347
0175.jpg 372 35 469 126
0176.jpg 91 233 232 349
0177.jpg 98 228 218 357
0178.jpg 125 180 306 328
0179.jpg 91 271 207 353
0180.jpg 52 185 182 333
0181.jpg 376 155 437 237
0182.jpg 382 234 445 305
0183.jpg 268 250 316 314
0184.jpg 335 73 377 128
0185.jpg 379 232 443 321
0186.jpg 293 282 357 328
0187.jpg 334 209 448 337
0188.jpg 146 233 210 322
0189.jpg 162 42 240 99
0190.jpg 50 165 123 221
0191.jpg 63 49 177 177
0192.jpg 8 112 115 260
0193.jpg 247 25 346 141
0194.jpg 170 245 291 351
0195.jpg 63 184 210 312
0196.jpg 61 249 217 357
0197.jpg 24 77 87 148
0198.jpg 20 63 113 169
0199.jpg 394 224 470 331
0200.jpg 55 165 116 247
0201.jpg 22 223 138 334
0202.jpg 308 99 436 228
0203.jpg 378 162 463 270
0204.jpg 63 173 118 219
0205.jpg 44 28 106 84
0206.jpg 229 230 313 346
0207.jpg 45 219 145 348
0208.jpg 77 200 139 256
0209.jpg 118 259 154 295
0210.jpg 35 16 109 114
0211.jpg 347 210 423 317
0212.jpg 416 118 452 154
0213.jpg 93 70 144 126
0214.jpg 71 111 199 240
0215.jpg 18 83 61 129
0216.jpg 7 13 124 161
0217.jpg 249 198 344 296
0218.jpg 170 288 228 350
0219.jpg 179 202 279 331
0220.jpg 34 189 119 297
0221.jpg 112 187 192 277
0222.jpg 178 153 273 251
0223.jpg 377 108 453 175
0224.jpg 152 57 237 129
0225.jpg 120 285 193 349
0226.jpg 0 88 95 186
0227.jpg 129 215 221 343
0228.jpg 16 181 120 289
0229.jpg 401 145 462 227
0230.jpg 280 301 328 337
0231.jpg 49 85 108 154
0232.jpg 431 254 479 318
0233.jpg 94 239 122 275
0234.jpg 49 224 140 336
0235.jpg 36 222 150 350
0236.jpg 61 167 145 230
0237.jpg 23 123 99 230
0238.jpg 76 22 150 120
0239.jpg 18 245 111 351
0240.jpg 369 279 421 350
0241.jpg 365 170 429 216
0242.jpg 9 274 103 355
0243.jpg 363 62 397 108
0244.jpg 220 181 324 289
0245.jpg 190 302 226 338
0246.jpg 13 117 170 265
0247.jpg 302 219 338 255
0248.jpg 59 208 175 319
0249.jpg 362 122 436 206
0250.jpg 294 139 345 195
0251.jpg 330 88 378 152
0252.jpg 252 214 336 277
0253.jpg 109 193 213 291
0254.jpg 9 69 54 129
0255.jpg 210 170 290 252
0256.jpg 328 142 432 250
0257.jpg 65 178 195 326
0258.jpg 366 185 444 242
0259.jpg 38 37 159 143
0260.jpg 335 82 411 189
0261.jpg 404 27 478 125
0262.jpg 52 72 175 188
0263.jpg 217 173 256 219
0264.jpg 35 204 89 268
0265.jpg 0 128 101 200
0266.jpg 331 79 473 177
0267.jpg 1 102 129 231
0268.jpg 2 242 87 314
0269.jpg 270 29 332 85
0270.jpg 95 5 149 69
0271.jpg 155 40 240 112
0272.jpg 14 172 199 299
0273.jpg 204 8 288 71
0274.jpg 178 197 258 287
0275.jpg 371 120 469 229
0276.jpg 127 272 219 338
0277.jpg 206 192 257 248
0278.jpg 168 205 246 262
0279.jpg 231 238 282 294
0280.jpg 92 152 225 266
0281.jpg 281 36 339 98
0282.jpg 208 194 272 283
0283.jpg 66 31 158 97
0284.jpg 412 183 476 272
0285.jpg 392 26 428 62
0286.jpg 156 43 224 125
0287.jpg 311 83 453 181
0288.jpg 69 107 121 178
0289.jpg 233 258 334 330
0290.jpg 158 249 242 312
0291.jpg 354 215 399 275
0292.jpg 309 1 371 57
0293.jpg 22 32 145 148
0294.jpg 158 56 201 102
0295.jpg 389 57 452 128
0296.jpg 140 202 241 274
0297.jpg 19 55 123 153
0298.jpg 89 17 197 145
0299.jpg 363 228 464 300
0300.jpg 269 42 360 154
0301.jpg 410 167 476 230
0302.jpg 272 192 379 340
0303.jpg 31 143 177 291
0304.jpg 25 75 98 139
0305.jpg 4 162 83 233
0306.jpg 248 62 342 143
0307.jpg 106 249 227 355
0308.jpg 179 89 264 161
0309.jpg 401 67 474 131
0310.jpg 236 68 298 124
0311.jpg 327 34 403 141
0312.jpg 278 15 342 61
0313.jpg 234 19 298 108
0314.jpg 235 7 356 113
0315.jpg 292 59 356 105
0316.jpg 61 233 119 295
0317.jpg 405 272 478 336
0318.jpg 423 21 465 76
0319.jpg 333 5 465 103
0320.jpg 358 58 406 94
0321.jpg 414 138 477 209
0322.jpg 292 14 387 100
0323.jpg 367 311 403 347
0324.jpg 35 152 84 198
0325.jpg 398 156 478 238
0326.jpg 203 20 333 109
0327.jpg 99 286 147 322
0328.jpg 285 228 359 326
0329.jpg 325 241 359 287
0330.jpg 257 186 377 315
0331.jpg 83 233 146 304
0332.jpg 45 201 125 283
0333.jpg 342 96 418 163
0334.jpg 321 221 383 277
0335.jpg 365 95 427 151
0336.jpg 358 205 466 333
0337.jpg 263 46 336 110
0338.jpg 209 229 294 337
0339.jpg 339 287 401 343
0340.jpg 277 226 362 334
0341.jpg 372 54 442 143
0342.jpg 35 215 115 305
0343.jpg 17 51 95 108
0344.jpg 410 294 474 340
0345.jpg 29 88 84 134
0346.jpg 373 214 447 298
0347.jpg 35 267 98 338
0348.jpg 357 72 467 154
0349.jpg 83 234 187 332
0350.jpg 392 56 472 138
0351.jpg 365 147 429 193
0352.jpg 328 210 370 265
0353.jpg 199 309 254 355
0354.jpg 435 35 478 81
0355.jpg 197 73 261 119
0356.jpg 28 78 102 176
0357.jpg 281 3 389 131
0358.jpg 165 17 286 123
0359.jpg 126 218 230 316
0360.jpg 156 153 247 265
0361.jpg 108 253 166 315
0362.jpg 312 38 360 102
0363.jpg 2 53 53 109
0364.jpg 12 158 132 287
0365.jpg 273 124 307 170
0366.jpg 33 68 125 134
0367.jpg 94 94 133 140
0368.jpg 50 121 89 167
0369.jpg 334 28 404 117
0370.jpg 131 10 159 46
0371.jpg 70 178 177 294
0372.jpg 118 234 203 306
0373.jpg 29 98 77 162
0374.jpg 47 98 126 169
0375.jpg 97 0 167 71
0376.jpg 118 298 167 344
0377.jpg 192 270 293 356
0378.jpg 32 21 112 103
0379.jpg 32 236 124 302
0380.jpg 155 78 198 124
0381.jpg 284 200 373 287
0382.jpg 175 268 291 350
0383.jpg 155 116 239 179
0384.jpg 255 82 347 210
0385.jpg 296 64 390 145
0386.jpg 318 273 398 355
0387.jpg 420 100 463 146
0388.jpg 404 214 472 296
0389.jpg 384 127 447 198
0390.jpg 91 0 136 60
0391.jpg 393 143 438 203
0392.jpg 339 222 381 277
0393.jpg 305 215 432 324
0394.jpg 47 278 132 350
0395.jpg 235 16 327 82
0396.jpg 330 84 446 166
0397.jpg 355 122 479 270
0398.jpg 44 12 83 58
0399.jpg 376 147 438 203
0400.jpg 74 66 144 137
0401.jpg 97 288 181 351
0402.jpg 152 191 247 289
0403.jpg 352 215 449 306
0404.jpg 358 288 421 359
0405.jpg 163 241 273 323
0406.jpg 176 121 249 185
0407.jpg 25 218 139 316
0408.jpg 432 270 477 330
0409.jpg 38 180 138 309
0410.jpg 87 283 172 355
0411.jpg 346 252 432 334
0412.jpg 20 3 94 101
0413.jpg 189 93 259 182
0414.jpg 180 32 356 163
0415.jpg 254 182 452 330
0416.jpg 351 201 390 247
0417.jpg 29 36 159 184
0418.jpg 131 235 204 299
0419.jpg 285 52 365 134
0420.jpg 74 258 154 340
0421.jpg 275 15 323 51
0422.jpg 10 84 104 165
0423.jpg 51 250 145 331
0424.jpg 4 41 131 150
0425.jpg 252 85 304 156
0426.jpg 75 34 219 142
0427.jpg 74 21 108 67
0428.jpg 124 17 198 101
0429.jpg 288 265 346 327
0430.jpg 312 162 375 233
0431.jpg 306 74 380 158
0432.jpg 282 157 439 305
0433.jpg 300 132 391 244
0434.jpg 107 7 199 73
0435.jpg 78 237 152 335
0436.jpg 158 239 300 337
0437.jpg 45 57 123 114
0438.jpg 320 189 461 305
0439.jpg 37 227 107 298
0440.jpg 34 241 96 297
0441.jpg 111 137 139 173
0442.jpg 296 9 339 55
0443.jpg 403 207 437 253
0444.jpg 292 50 448 158
0445.jpg 247 284 289 339
0446.jpg 324 162 454 310
0447.jpg 28 237 102 335
0448.jpg 318 33 439 139
0449.jpg 192 191 277 263
0450.jpg 154 261 208 325
0451.jpg 386 10 471 118
0452.jpg 138 75 217 146
0453.jpg 29 217 197 333
0454.jpg 274 32 390 114
0455.jpg 70 163 200 252
0456.jpg 306 281 361 327
0457.jpg 90 172 160 243
0458.jpg 55 137 149 218
0459.jpg 333 193 426 299
0460.jpg 43 181 102 250
0461.jpg 189 10 252 81
0462.jpg 68 202 116 266
0463.jpg 69 16 284 164
0464.jpg 84 243 205 331
0465.jpg 55 149 113 211
0466.jpg 312 248 374 304
0467.jpg 368 203 404 239
0468.jpg 238 231 323 329
0469.jpg 319 184 414 270
0470.jpg 25 104 84 173
0471.jpg 54 243 122 325
0472.jpg 143 282 202 351
0473.jpg 243 64 350 212
0474.jpg 387 248 446 317
0475.jpg 155 204 216 286
0476.jpg 30 4 110 94
0477.jpg 19 31 190 158
0478.jpg 53 132 188 259
0479.jpg 56 175 186 264
0480.jpg 186 232 249 303
0481.jpg 295 17 371 124
0482.jpg 38 28 154 110
0483.jpg 228 22 323 108
0484.jpg 172 250 217 310
0485.jpg 433 239 472 285
0486.jpg 37 206 117 296
0487.jpg 393 44 441 80
0488.jpg 250 243 295 303
0489.jpg 408 206 451 252
0490.jpg 397 154 465 236
0491.jpg 289 212 444 328
0492.jpg 377 264 471 345
0493.jpg 182 257 262 347
0494.jpg 90 29 288 177
0495.jpg 77 99 143 162
0496.jpg 83 38 251 154
0497.jpg 44 88 87 134
0498.jpg 102 38 237 186
0499.jpg 270 54 378 182
0500.jpg 18 103 98 193
0501.jpg 1 266 53 337
0502.jpg 125 253 214 340
0503.jpg 10 93 84 177
0504.jpg 26 42 130 150
0505.jpg 8 211 57 257
0506.jpg 191 211 246 257
0507.jpg 107 19 227 148
0508.jpg 123 199 230 315
0509.jpg 168 136 275 252
0510.jpg 276 10 390 108
0511.jpg 18 18 88 89
0512.jpg 64 37 192 166
0513.jpg 112 114 253 230
0514.jpg 140 67 218 124
0515.jpg 269 78 318 124
0516.jpg 248 110 324 177
0517.jpg 199 18 306 134
0518.jpg 57 212 192 339
0519.jpg 184 50 279 136
0520.jpg 56 183 172 265
0521.jpg 4 161 83 232
0522.jpg 169 275 245 342
0523.jpg 218 12 302 75
0524.jpg 45 265 93 329
0525.jpg 381 263 475 344
0526.jpg 48 249 132 312
0527.jpg 230 1 346 83
0528.jpg 1 82 100 198
0529.jpg 41 217 126 325
0530.jpg 320 16 453 130
0531.jpg 11 279 103 345
0532.jpg 364 54 442 111
0533.jpg 182 6 298 88
0534.jpg 41 106 96 152
0535.jpg 19 65 133 193
0536.jpg 66 41 163 132
0537.jpg 315 90 419 198
0538.jpg 51 199 99 263
0539.jpg 364 212 448 328
0540.jpg 60 276 108 312
0541.jpg 362 58 469 206
0542.jpg 353 26 470 174
0543.jpg 371 240 410 286
0544.jpg 90 9 160 98
0545.jpg 254 27 288 73
0546.jpg 377 289 431 353
0547.jpg 21 102 110 189
0548.jpg 29 73 77 137
0549.jpg 85 282 113 318
0550.jpg 262 7 305 53
0551.jpg 201 54 281 144
0552.jpg 174 3 259 101
0553.jpg 39 120 143 218
0554.jpg 295 68 375 150
0555.jpg 162 139 221 208
0556.jpg 217 38 285 120
0557.jpg 68 283 127 352
0558.jpg 170 3 286 114
0559.jpg 312 3 348 39
0560.jpg 239 11 323 127
0561.jpg 235 33 376 149
0562.jpg 180 206 310 354
0563.jpg 53 184 251 332
0564.jpg 32 127 230 275
0565.jpg 25 107 131 197
0566.jpg 162 94 204 149
0567.jpg 159 90 207 154
0568.jpg 231 254 276 314
0569.jpg 147 97 205 159
0570.jpg 42 29 135 135
0571.jpg 124 142 209 240
0572.jpg 66 152 161 250
0573.jpg 21 47 168 175
0574.jpg 131 118 204 182
0575.jpg 72 139 179 255
0576.jpg 0 46 94 127
0577.jpg 389 76 444 122
0578.jpg 419 227 447 263
0579.jpg 31 127 105 211
0580.jpg 24 164 110 246
0581.jpg 222 146 322 275
0582.jpg 235 208 319 271
0583.jpg 88 80 127 126
0584.jpg 341 158 386 218
0585.jpg 258 5 322 51
0586.jpg 345 28 384 74
0587.jpg 156 226 324 342
0588.jpg 75 258 130 304
0589.jpg 7 242 49 297
0590.jpg 20 1 117 92
0591.jpg 59 203 132 259
0592.jpg 36 104 70 150
0593.jpg 46 3 187 119
0594.jpg 24 32 124 161
0595.jpg 412 152 474 208
0596.jpg 22 316 58 352
0597.jpg 39 78 82 124
0598.jpg 47 102 161 200
0599.jpg 192 267 286 348
0600.jpg 399 193 477 250
0601.jpg 13 59 119 149
0602.jpg 312 186 426 314
0603.jpg 213 3 272 72
0604.jpg 115 245 236 351
0605.jpg 159 227 303 335
0606.jpg 62 11 141 82
0607.jpg 56 207 142 289
0608.jpg 217 282 265 318
0609.jpg 28 162 98 233
0610.jpg 66 170 130 216
0611.jpg 203 146 277 230
0612.jpg 54 147 124 236
0613.jpg 19 62 95 169
0614.jpg 384 49 439 95
0615.jpg 401 277 455 341
0616.jpg 12 184 126 282
0617.jpg 322 0 383 82
0618.jpg 137 42 215 99
0619.jpg 66 30 234 146
0620.jpg 23 255 103 345
0621.jpg 336 47 460 195
0622.jpg 303 161 424 267
0623.jpg 383 102 459 169
0624.jpg 176 277 262 359
0625.jpg 147 197 261 325
0626.jpg 351 201 435 264
0627.jpg 87 207 172 315
0628.jpg 152 212 237 320
0629.jpg 247 21 295 85
0630.jpg 21 12 73 83
0631.jpg 424 159 458 205
0632.jpg 330 228 422 356
0633.jpg 381 190 424 236
0634.jpg 142 258 215 314
0635.jpg 383 18 453 107
0636.jpg 63 230 127 276
0637.jpg 374 116 442 198
0638.jpg 384 277 462 334
0639.jpg 82 207 182 336
0640.jpg 50 276 116 339
0641.jpg 66 46 187 152
0642.jpg 242 214 383 330
0643.jpg 126 295 168 350
0644.jpg 281 52 366 124
0645.jpg 149 13 200 69
0646.jpg 312 190 354 245
0647.jpg 155 231 228 295
0648.jpg 82 220 180 329
0649.jpg 324 223 430 313
0650.jpg 200 270 286 352
0651.jpg 143 279 191 343
0652.jpg 287 228 382 314
0653.jpg 3 76 94 188
0654.jpg 375 42 469 123
0655.jpg 178 206 363 333
0656.jpg 11 189 103 317
0657.jpg 127 80 216 167
0658.jpg 83 5 187 113
0659.jpg 17 19 72 65
0660.jpg 37 41 116 112
0661.jpg 130 41 286 170
0662.jpg 4 239 89 337
0663.jpg 250 48 326 115
0664.jpg 249 91 391 189
0665.jpg 38 225 77 271
0666.jpg 22 7 123 79
0667.jpg 27 51 112 159
0668.jpg 7 53 85 110
0669.jpg 264 246 334 335
0670.jpg 12 99 133 187
0671.jpg 324 255 438 353
0672.jpg 168 40 223 86
0673.jpg 373 20 457 83
0674.jpg 357 157 423 220
0675.jpg 367 205 471 313
0676.jpg 192 45 258 108
0677.jpg 241 199 411 347
0678.jpg 343 13 451 141
0679.jpg 15 220 131 331
0680.jpg 63 211 219 319
0681.jpg 352 246 426 344
0682.jpg 218 47 280 103
0683.jpg 249 246 313 335
0684.jpg 18 22 132 150
0685.jpg 82 59 203 147
0686.jpg 106 236 212 326
0687.jpg 346 11 414 93
0688.jpg 374 31 466 159
0689.jpg 271 91 392 179
0690.jpg 20 91 90 180
0691.jpg 287 25 382 111
0692.jpg 151 176 217 239
0693.jpg 373 136 441 218
0694.jpg 380 160 460 242
0695.jpg 260 19 305 79
0696.jpg 165 15 207 70
0697.jpg 43 144 132 231
0698.jpg 24 219 138 347
0699.jpg 378 88 473 174
0700.jpg 18 180 110 308
0701.jpg 427 36 478 92
0702.jpg 242 227 384 325
0703.jpg 362 150 476 278
0704.jpg 338 17 459 123
0705.jpg 23 298 87 344
0706.jpg 4 130 137 244
0707.jpg 298 151 384 233
0708.jpg 294 222 414 351
0709.jpg 112 158 185 222
0710.jpg 69 217 202 331
0711.jpg 61 166 112 222
0712.jpg 186 263 245 332
0713.jpg 393 117 436 163
0714.jpg 70 71 174 169
0715.jpg 120 31 212 97
0716.jpg 195 33 284 120
0717.jpg 239 270 294 316
0718.jpg 298 5 340 60
0719.jpg 165 291 238 347
0720.jpg 117 116 218 188
0721.jpg 125 80 235 162
0722.jpg 6 110 116 192
0723.jpg 12 62 74 118
0724.jpg 349 244 425 351
0725.jpg 314 270 372 332
0726.jpg 39 218 224 345
0727.jpg 197 27 286 114
0728.jpg 260 183 368 311
0729.jpg 31 143 116 241
0730.jpg 117 31 261 139
0731.jpg 340 16 413 80
0732.jpg 52 231 97 291
0733.jpg 65 54 162 145
0734.jpg 372 71 473 157
0735.jpg 321 27 360 73
0736.jpg 341 289 419 346
0737.jpg 93 32 167 130
0738.jpg 1 310 49 346
0739.jpg 309 272 404 358
0740.jpg 19 236 161 334
0741.jpg 125 236 267 334
0742.jpg 343 8 413 79
0743.jpg 128 25 201 81
0744.jpg 377 29 478 101
0745.jpg 11 209 127 291
0746.jpg 404 183 438 229
0747.jpg 89 240 134 300
0748.jpg 370 93 440 164
0749.jpg 344 281 387 327
0750.jpg 362 45 420 107
0751.jpg 127 71 197 160
0752.jpg 98 59 187 146
0753.jpg 92 39 224 137
0754.jpg 339 168 463 316
0755.jpg 334 270 402 352
0756.jpg 315 84 391 191
0757.jpg 378 178 470 306
0758.jpg 369 52 417 88
0759.jpg 325 136 398 192
0760.jpg 328 235 422 316
0761.jpg 31 221 93 277
0762.jpg 227 92 295 174
0763.jpg 158 36 243 144
0764.jpg 265 272 335 343
0765.jpg 270 82 340 153
0766.jpg 39 166 124 264
0767.jpg 200 66 295 152
0768.jpg 388 222 472 338
0769.jpg 37 58 144 174
0770.jpg 210 271 268 333
0771.jpg 396 290 462 353
0772.jpg 30 41 211 189
0773.jpg 38 19 194 148
0774.jpg 345 63 430 171
0775.jpg 340 144 413 208
0776.jpg 242 90 432 221
0777.jpg 306 225 474 341
0778.jpg 100 147 158 209
0779.jpg 49 241 165 323
0780.jpg 206 9 387 157
0781.jpg 315 294 381 357
0782.jpg 287 1 335 37
0783.jpg 376 182 460 245
0784.jpg 43 115 95 186
0785.jpg 302 274 394 340
0786.jpg 288 240 443 356
0787.jpg 30 174 115 282
0788.jpg 1 183 74 247
0789.jpg 35 7 156 113
0790.jpg 232 32 311 103
0791.jpg 44 98 200 206
0792.jpg 337 28 403 91
0793.jpg 126 177 192 240
0794.jpg 216 171 337 277
0795.jpg 428 177 479 233
0796.jpg 151 195 259 323
0797.jpg 386 273 431 333
0798.jpg 409 274 437 310
0799.jpg 346 267 409 338
0800.jpg 60 13 176 95
0801.jpg 315 272 351 308
0802.jpg 12 45 118 135
0803.jpg 120 285 182 341
0804.jpg 13 74 87 158
0805.jpg 7 75 66 144
0806.jpg 158 25 259 111
0807.jpg 346 171 458 278
0808.jpg 139 26 234 124
0809.jpg 258 60 303 120
0810.jpg 186 15 256 104
0811.jpg 48 250 116 332
0812.jpg 170 27 255 135
0813.jpg 368 209 427 278
0814.jpg 395 261 423 297
0815.jpg 33 118 117 181
0816.jpg 306 256 372 319
0817.jpg 375 107 460 215
0818.jpg 8 143 97 230
0819.jpg 369 31 455 113
0820.jpg 10 106 86 213
0821.jpg 31 263 79 299
0822.jpg 373 109 427 173
0823.jpg 185 247 276 359
0824.jpg 134 265 202 347
0825.jpg 11 181 146 308
0826.jpg 15 166 89 264
0827.jpg 153 257 205 328
0828.jpg 73 155 131 217
0829.jpg 310 6 374 95
0830.jpg 50 225 135 297
0831.jpg 15 1 119 99
0832.jpg 345 225 393 261
0833.jpg 47 145 89 200
0834.jpg 369 244 443 342
0835.jpg 391 225 459 307
0836.jpg 350 24 478 153
0837.jpg 354 87 454 216
0838.jpg 16 72 132 183
0839.jpg 345 231 449 329
0840.jpg 10 156 140 304
0841.jpg 36 161 85 207
0842.jpg 302 16 423 104
0843.jpg 399 184 427 220
0844.jpg 419 200 468 246
0845.jpg 120 203 224 301
0846.jpg 185 277 228 323
0847.jpg 358 271 434 338
0848.jpg 254 60 309 106
0849.jpg 92 171 224 269
0850.jpg 167 38 252 146
0851.jpg 343 184 388 244
0852.jpg 273 30 309 66
0853.jpg 11 128 91 210
0854.jpg 224 230 300 297
0855.jpg 106 28 201 126
0856.jpg 350 195 464 323
0857.jpg 13 10 123 92
0858.jpg 93 15 136 61
0859.jpg 355 183 417 239
0860.jpg 103 29 223 158
0861.jpg 110 182 210 311
0862.jpg 15 109 100 181
0863.jpg 157 29 271 127
0864.jpg 155 180 214 249
0865.jpg 307 0 361 64
0866.jpg 78 43 126 107
0867.jpg 426 319 454 355
0868.jpg 378 272 429 328
0869.jpg 308 222 387 293
0870.jpg 283 242 393 324
0871.jpg 76 213 161 285
0872.jpg 366 131 418 202
0873.jpg 137 36 203 99
0874.jpg 349 107 433 223
0875.jpg 211 272 312 344
0876.jpg 327 10 462 158
0877.jpg 63 304 99 340
0878.jpg 353 225 473 354
0879.jpg 47 251 113 314
0880.jpg 363 209 456 315
0881.jpg 49 158 135 240
0882.jpg 397 25 473 132
0883.jpg 32 248 130 357
0884.jpg 412 253 476 342
0885.jpg 341 106 402 188
0886.jpg 2 224 72 295
0887.jpg 225 12 284 81
0888.jpg 173 238 221 302
0889.jpg 301 16 456 132
0890.jpg 215 153 385 301
0891.jpg 20 40 141 146
0892.jpg 295 132 442 260
0893.jpg 99 37 211 144
0894.jpg 290 81 385 167
0895.jpg 280 212 403 328
0896.jpg 29 89 63 135
0897.jpg 361 10 437 77
0898.jpg 329 72 450 160
0899.jpg 243 169 424 317
0900.jpg 362 222 435 278
0901.jpg 4 201 78 299
0902.jpg 202 260 265 331
0903.jpg 127 87 182 133
0904.jpg 148 321 196 357
0905.jpg 350 249 414 338
0906.jpg 114 70 166 141
0907.jpg 334 84 418 147
0908.jpg 360 265 424 354
0909.jpg 106 15 180 99
0910.jpg 138 36 248 118
0911.jpg 379 59 424 119
0912.jpg 220 13 284 59
0913.jpg 37 110 138 182
0914.jpg 113 9 229 120
0915.jpg 328 106 376 142
0916.jpg 299 6 455 114
0917.jpg 214 157 292 214
0918.jpg 191 38 243 109
0919.jpg 227 32 278 88
0920.jpg 163 37 284 125
0921.jpg 9 159 104 245
0922.jpg 200 292 278 349
0923.jpg 140 247 261 335
0924.jpg 13 176 120 324
0925.jpg 27 118 88 200
0926.jpg 340 266 456 348
0927.jpg 131 242 299 358
0928.jpg 331 12 422 124
0929.jpg 285 130 330 190
0930.jpg 372 70 406 116
0931.jpg 359 139 469 221
0932.jpg 55 32 119 78
0933.jpg 252 240 396 348
0934.jpg 233 187 414 335
0935.jpg 292 193 335 239
0936.jpg 326 3 424 112
0937.jpg 295 181 405 263
0938.jpg 288 176 430 274
0939.jpg 2 206 53 262
0940.jpg 400 169 448 233
0941.jpg 356 54 476 183
0942.jpg 152 46 197 106
0943.jpg 112 268 146 314
0944.jpg 25 151 99 249
0945.jpg 285 3 406 91
0946.jpg 9 163 121 270
0947.jpg 11 92 69 154
0948.jpg 251 12 305 76
0949.jpg 46 35 122 102
0950.jpg 407 62 477 133
0951.jpg 85 294 158 358
0952.jpg 317 239 411 320
0953.jpg 341 210 473 308
0954.jpg 291 107 384 213
0955.jpg 19 182 93 266
0956.jpg 106 6 198 72
0957.jpg 378 247 427 293
0958.jpg 321 46 419 155
0959.jpg 350 82 430 172
0960.jpg 16 20 64 84
0961.jpg 285 157 415 246
0962.jpg 260 191 399 321
0963.jpg 362 209 446 272
0964.jpg 265 20 324 89
0965.jpg 14 190 73 259
0966.jpg 95 235 205 317
0967.jpg 391 224 475 340
0968.jpg 359 187 451 315
0969.jpg 15 224 119 322
0970.jpg 268 203 384 285
0971.jpg 16 204 172 333
0972.jpg 400 240 476 347
0973.jpg 144 249 260 331
0974.jpg 23 148 137 246
0975.jpg 9 197 73 286
0976.jpg 231 64 352 152
0977.jpg 400 217 459 286
0978.jpg 363 208 456 314
0979.jpg 280 114 350 185
0980.jpg 46 153 156 235
0981.jpg 128 268 206 325
0982.jpg 307 133 454 261
0983.jpg 34 184 155 272
0984.jpg 40 112 120 194
0985.jpg 141 173 298 321
0986.jpg 38 258 86 322
0987.jpg 62 34 126 80
0988.jpg 371 75 472 147
0989.jpg 85 212 256 339
0990.jpg 2 269 44 324
0991.jpg 278 232 375 323
0992.jpg 141 199 226 271
0993.jpg 51 185 114 256
0994.jpg 244 175 371 284
0995.jpg 320 238 368 274
0996.jpg 326 191 415 278
0997.jpg 265 106 409 214
0998.jpg 342 6 449 154
0999.jpg 261 27 431 175
1000.jpg 305 315 341 351
0001.jpg 261 160 417 268
0002.jpg 158 17 200 72
0003.jpg 213 99 291 156
0004.jpg 259 186 429 334
0005.jpg 330 210 409 281
0006.jpg 83 276 146 347
0007.jpg 241 9 347 99
0008.jpg 228 7 291 78
0009.jpg 213 257 355 355
0010.jpg 403 160 454 216
0011.jpg 367 185 410 231
0012.jpg 289 269 374 341
0013.jpg 263 183 433 331
0014.jpg 167 236 209 291
0015.jpg 336 206 391 252
0016.jpg 407 45 441 91
0017.jpg 346 25 409 96
0018.jpg 348 206 411 277
0019.jpg 89 308 123 354
0020.jpg 211 241 306 339
0021.jpg 67 309 110 355
0022.jpg 94 13 200 103
0023.jpg 380 135 460 225
0024.jpg 417 165 469 236
0025.jpg 219 232 375 340
0026.jpg 416 165 455 211
0027.jpg 383 313 447 359
0028.jpg 390 103 458 185
0029.jpg 44 165 102 227
0030.jpg 133 29 197 75
0031.jpg 4 265 74 354
0032.jpg 342 259 443 345
0033.jpg 259 1 329 72
0034.jpg 17 160 93 267
0035.jpg 44 277 124 359
0036.jpg 175 2 209 48
0037.jpg 405 158 466 240
0038.jpg 256 21 368 128
0039.jpg 95 200 263 316
0040.jpg 360 141 449 228
0041.jpg 82 240 198 351
0042.jpg 7 215 55 251
0043.jpg 215 178 385 326
0044.jpg 65 95 165 224
0045.jpg 60 57 111 113
0046.jpg 237 219 311 303
0047.jpg 403 38 469 101
0048.jpg 56 155 186 244
0049.jpg 366 247 432 310
0050.jpg 36 5 97 87
0051.jpg 44 88 114 159
0052.jpg 264 10 396 108
0053.jpg 19 83 112 189
0054.jpg 362 228 461 344
0055.jpg 38 300 100 356
0056.jpg 261 207 337 314
0057.jpg 9 187 101 253
0058.jpg 205 243 256 299
0059.jpg 373 126 459 208
0060.jpg 285 40 379 121
0061.jpg 306 308 354 344
0062.jpg 68 144 163 242
0063.jpg 25 170 126 256
0064.jpg 68 25 129 107
0065.jpg 328 127 420 255
0066.jpg 45 209 123 266
0067.jpg 112 202 283 329
0068.jpg 220 166 388 282
0069.jpg 271 241 378 357
0070.jpg 250 163 370 292
0071.jpg 29 202 120 314
0072.jpg 227 188 263 224
0073.jpg 384 105 476 233
0074.jpg 349 211 442 317
0075.jpg 409 29 479 100
0076.jpg 158 202 186 238
0077.jpg 289 30 428 160
0078.jpg 104 255 177 319
0079.jpg 163 213 283 342
0080.jpg 63 18 193 166
0081.jpg 126 247 200 331
0082.jpg 336 205 466 353
0083.jpg 76 248 171 346
0084.jpg 73 285 131 347
0085.jpg 331 32 359 68
0086.jpg 366 133 464 242
0087.jpg 376 236 427 292
0088.jpg 207 169 292 267
0089.jpg 387 53 479 181
0090.jpg 141 288 217 355
0091.jpg 116 238 228 345
0092.jpg 329 106 368 152
0093.jpg 321 220 477 328
0094.jpg 227 206 350 322
0095.jpg 406 271 458 342
0096.jpg 344 5 406 61
0097.jpg 13 188 41 224
0098.jpg 48 286 124 353
0099.jpg 46 176 119 240
0100.jpg 252 124 328 191
0101.jpg 103 40 198 126
0102.jpg 317 202 402 274
0103.jpg 210 251 303 357
0104.jpg 12 87 97 195
0105.jpg 137 217 185 253
0106.jpg 9 237 150 353
0107.jpg 339 130 403 219
0108.jpg 197 189 318 295
0109.jpg 84 231 152 313
0110.jpg 25 189 195 337
0111.jpg 141 231 239 340
0112.jpg 62 195 183 283
0113.jpg 11 178 192 326
0114.jpg 113 7 164 63
0115.jpg 20 212 68 276
0116.jpg 17 202 68 258
0117.jpg 376 173 462 255
0118.jpg 46 208 126 290
0119.jpg 10 188 55 248
0120.jpg 250 235 357 351
0121.jpg 355 216 403 280
0122.jpg 42 25 149 141
0123.jpg 70 36 156 118
0124.jpg 23 21 153 110
0125.jpg 11 73 103 139
0126.jpg 71 209 123 280
0127.jpg 98 155 176 212
0128.jpg 404 15 446 70
0129.jpg 137 25 207 96
0130.jpg 343 206 398 252
0131.jpg 148 216 227 287
0132.jpg 16 188 132 270
0133.jpg 59 50 138 121
0134.jpg 335 247 462 356
0135.jpg 197 284 231 330
0136.jpg 259 286 293 332
0137.jpg 13 174 194 322
0138.jpg 233 17 309 84
0139.jpg 380 141 460 223
0140.jpg 33 75 92 144
0141.jpg 1 74 81 156
0142.jpg 336 45 421 117
0143.jpg 186 27 283 118
0144.jpg 363 13 460 104
0145.jpg 252 1 297 61
0146.jpg 256 271 335 342
0147.jpg 88 198 161 262
0148.jpg 2 253 99 344
0149.jpg 90 269 166 336
0150.jpg 79 146 152 202
0151.jpg 352 43 425 99
0152.jpg 25 300 76 356
0153.jpg 62 88 136 186
0154.jpg 43 277 92 323
0155.jpg 347 58 395 94
0156.jpg 357 10 420 81
0157.jpg 184 197 355 324
0158.jpg 118 33 248 122
0159.jpg 108 202 229 308
0160.jpg 203 24 273 95
0161.jpg 84 258 169 356
0162.jpg 2 107 61 176
0163.jpg 4 133 90 215
0164.jpg 382 210 458 317
0165.jpg 418 168 466 204
0166.jpg 430 174 479 220
0167.jpg 370 91 464 172
0168.jpg 380 63 477 154
0169.jpg 350 236 449 352
0170.jpg 7 96 107 225
0171.jpg 160 268 221 350
0172.jpg 363 20 415 91
0173.jpg 16 280 78 336
0174.jpg 0 65 93 171
0175.jpg 211 7 300 94
0176.jpg 277 202 398 290
0177.jpg 354 89 420 152
0178.jpg 273 277 359 359
0179.jpg 145 150 208 221
0180.jpg 399 54 451 125
0181.jpg 95 246 184 333
0182.jpg 378 30 458 120
0183.jpg 93 209 225 307
0184.jpg 323 150 455 248
0185.jpg 425 231 467 286
0186.jpg 370 209 398 245
0187.jpg 191 274 246 320
0188.jpg 293 155 420 264
0189.jpg 326 136 384 198
0190.jpg 151 237 225 335
0191.jpg 188 205 403 353
0192.jpg 222 24 352 172
0193.jpg 53 140 101 176
0194.jpg 22 203 107 311
0195.jpg 194 8 274 98
0196.jpg 360 45 434 143
0197.jpg 199 199 272 263
0198.jpg 36 162 114 219
0199.jpg 369 59 447 116
0200.jpg 149 221 290 337
0201.jpg 215 198 289 282
0202.jpg 317 174 444 283
0203.jpg 141 245 180 291
0204.jpg 98 206 199 292
0205.jpg 113 207 294 355
0206.jpg 112 264 206 345
0207.jpg 248 190 321 254
0208.jpg 7 41 115 169
0209.jpg 17 157 138 245
0210.jpg 401 46 465 135
0211.jpg 360 146 476 228
0212.jpg 271 191 387 273
0213.jpg 27 26 217 157
0214.jpg 23 9 71 73
0215.jpg 135 3 177 58
0216.jpg 37 0 123 82
0217.jpg 284 3 390 93
0218.jpg 20 146 201 294
0219.jpg 19 231 95 338
0220.jpg 246 266 376 355
0221.jpg 292 183 460 299
0222.jpg 415 260 474 329
0223.jpg 337 135 429 263
0224.jpg 328 90 429 162
0225.jpg 373 168 437 257
0226.jpg 88 206 136 270
0227.jpg 348 62 432 178
0228.jpg 60 224 176 335
0229.jpg 293 216 335 271
0230.jpg 292 1 328 37
0231.jpg 62 240 126 286
0232.jpg 409 28 475 91
0233.jpg 388 236 468 318
0234.jpg 341 103 411 174
0235.jpg 275 15 343 97
0236.jpg 423 21 475 92
0237.jpg 202 303 245 349
0238.jpg 229 3 268 49
0239.jpg 47 170 151 278
0240.jpg 387 215 457 304
0241.jpg 357 240 455 349
0242.jpg 355 47 416 129
0243.jpg 99 312 154 358
0244.jpg 18 225 92 309
0245.jpg 396 284 466 355
0246.jpg 80 176 224 284
0247.jpg 322 88 446 236
0248.jpg 135 169 276 285
0249.jpg 424 283 473 329
0250.jpg 320 276 406 358
0251.jpg 271 88 381 170
0252.jpg 12 150 73 232
0253.jpg 67 136 116 182
0254.jpg 324 32 394 103
0255.jpg 345 150 429 266
0256.jpg 358 99 419 181
0257.jpg 56 52 148 180
0258.jpg 10 16 73 87
0259.jpg 266 159 340 257
0260.jpg 282 72 472 203
0261.jpg 295 221 396 307
0262.jpg 31 16 152 104
0263.jpg 283 142 378 240
0264.jpg 5 209 91 291
0265.jpg 156 206 371 354
0266.jpg 236 275 306 346
0267.jpg 383 73 467 136
0268.jpg 349 194 473 342
0269.jpg 67 146 152 254
0270.jpg 139 178 198 247
0271.jpg 42 36 91 82
0272.jpg 52 99 144 165
0273.jpg 347 49 402 95
0274.jpg 43 229 159 340
0275.jpg 309 42 466 190
0276.jpg 5 247 73 329
0277.jpg 411 258 460 304
0278.jpg 339 221 431 349
0279.jpg 302 37 395 143
0280.jpg 197 295 245 331
0281.jpg 232 233 342 315
0282.jpg 133 180 225 246
0283.jpg 122 177 217 263
0284.jpg 272 238 370 347
0285.jpg 235 154 362 263
0286.jpg 232 288 280 324
0287.jpg 138 248 211 312
0288.jpg 39 186 123 302
0289.jpg 80 268 132 339
0290.jpg 40 1 88 65
0291.jpg 310 16 383 72
0292.jpg 60 143 134 227
0293.jpg 130 278 203 342
0294.jpg 109 58 137 94
0295.jpg 12 79 92 161
0296.jpg 10 279 89 350
0297.jpg 101 125 140 171
0298.jpg 337 184 423 266
0299.jpg 389 80 438 126
0300.jpg 219 29 360 145
0301.jpg 129 46 235 136
0302.jpg 14 298 87 354
0303.jpg 350 230 462 337
0304.jpg 241 243 290 289
0305.jpg 70 17 177 165
0306.jpg 20 12 68 76
0307.jpg 109 22 152 68
0308.jpg 26 98 89 169
0309.jpg 315 119 367 190
0310.jpg 253 114 369 196
0311.jpg 222 255 261 301
0312.jpg 9 219 57 255
0313.jpg 14 75 48 121
0314.jpg 53 94 89 130
0315.jpg 345 15 400 61
0316.jpg 274 74 317 120
0317.jpg 314 6 438 154
0318.jpg 0 159 84 275
0319.jpg 372 93 448 160
0320.jpg 234 49 335 135
0321.jpg 68 295 152 358
0322.jpg 114 261 163 307
0323.jpg 153 260 231 317
0324.jpg 152 257 247 343
0325.jpg 207 5 268 87
0326.jpg 290 27 410 156
0327.jpg 389 285 474 357
0328.jpg 300 231 404 339
0329.jpg 366 53 474 181
0330.jpg 98 75 195 166
0331.jpg 240 176 341 248
0332.jpg 222 53 352 142
0333.jpg 293 165 401 293
0334.jpg 390 36 466 103
0335.jpg 83 205 175 333
0336.jpg 262 189 346 252
0337.jpg 74 78 153 149
0338.jpg 283 309 332 355
0339.jpg 291 188 432 304
0340.jpg 184 270 243 339
0341.jpg 58 8 122 54
0342.jpg 364 243 449 341
0343.jpg 6 231 82 338
0344.jpg 22 161 86 207
0345.jpg 115 18 191 85
0346.jpg 370 241 455 313
0347.jpg 3 112 51 176
0348.jpg 376 4 456 94
0349.jpg 135 284 163 320
0350.jpg 71 308 107 344
0351.jpg 254 162 355 234
0352.jpg 347 91 410 162
0353.jpg 59 194 200 310
0354.jpg 4 190 108 288
0355.jpg 41 99 86 159
0356.jpg 384 263 479 349
0357.jpg 172 106 307 233
0358.jpg 77 20 292 168
0359.jpg 56 128 186 217
0360.jpg 170 142 271 228
0361.jpg 372 7 476 115
0362.jpg 133 2 201 84
0363.jpg 59 115 129 204
0364.jpg 138 40 196 102
0365.jpg 269 286 353 349
0366.jpg 340 219 425 291
0367.jpg 436 94 472 130
0368.jpg 28 213 129 299
0369.jpg 59 16 108 62
0370.jpg 114 95 180 158
0371.jpg 78 4 157 75
0372.jpg 5 23 59 87
0373.jpg 300 80 395 166
0374.jpg 191 251 261 322
0375.jpg 31 254 76 314
0376.jpg 343 83 398 129
0377.jpg 277 1 325 37
0378.jpg 365 63 451 145
0379.jpg 406 199 458 270
0380.jpg 362 160 476 258
0381.jpg 126 85 210 201
0382.jpg 160 174 205 234
0383.jpg 60 158 216 266
0384.jpg 257 73 396 203
0385.jpg 187 209 357 357
0386.jpg 231 286 270 332
0387.jpg 64 94 140 201
0388.jpg 379 210 474 308
0389.jpg 77 237 111 283
0390.jpg 432 147 471 193
0391.jpg 376 1 444 83
0392.jpg 405 257 447 312
0393.jpg 12 2 126 130
0394.jpg 40 15 134 96
0395.jpg 386 27 456 116
0396.jpg 387 47 460 103
0397.jpg 387 246 421 292
0398.jpg 338 274 448 356
0399.jpg 14 256 128 354
0400.jpg 360 62 409 108
0401.jpg 351 245 457 335
0402.jpg 283 193 325 248
0403.jpg 39 127 145 217
0404.jpg 368 15 472 113
0405.jpg 90 89 126 125
0406.jpg 113 99 191 156
0407.jpg 208 238 281 302
0408.jpg 384 167 442 229
0409.jpg 51 6 130 77
0410.jpg 46 280 91 340
0411.jpg 128 20 156 56
0412.jpg 222 62 390 178
0413.jpg 15 85 93 142
0414.jpg 7 60 123 142
0415.jpg 347 72 383 108
0416.jpg 288 90 409 178
0417.jpg 89 134 195 224
0418.jpg 189 305 225 341
0419.jpg 243 210 313 281
0420.jpg 55 51 167 158
0421.jpg 342 25 384 80
0422.jpg 63 18 177 146
0423.jpg 256 16 348 144
0424.jpg 68 158 141 222
0425.jpg 110 51 161 107
0426.jpg 169 18 269 147
0427.jpg 164 240 212 276
0428.jpg 154 230 239 328
0429.jpg 295 237 379 353
0430.jpg 373 42 415 97
0431.jpg 311 150 387 257
0432.jpg 302 169 423 275
0433.jpg 291 245 377 327
0434.jpg 332 252 393 334
0435.jpg 77 47 150 103
0436.jpg 91 267 171 357
0437.jpg 218 233 324 323
0438.jpg 301 181 457 310
0439.jpg 209 21 293 84
0440.jpg 341 16 390 62
0441.jpg 428 20 473 80
0442.jpg 337 229 445 357
0443.jpg 41 119 126 191
0444.jpg 275 213 364 300
0445.jpg 354 16 422 98
0446.jpg 245 236 330 308
0447.jpg 59 130 200 246
0448.jpg 310 20 430 149
0449.jpg 147 134 209 190
0450.jpg 75 183 195 312
0451.jpg 41 31 133 97
0452.jpg 51 84 137 166
0453.jpg 246 41 326 131
0454.jpg 242 29 352 111
0455.jpg 92 203 196 301
0456.jpg 153 176 261 304
0457.jpg 11 63 91 145
0458.jpg 50 63 135 171
0459.jpg 77 160 162 232
0460.jpg 62 6 101 52
0461.jpg 57 3 136 74
0462.jpg 26 252 92 315
0463.jpg 33 43 201 159
0464.jpg 374 255 450 322
0465.jpg 164 16 257 122
0466.jpg 271 242 329 304
0467.jpg 160 74 202 129
0468.jpg 5 225 89 341
0469.jpg 265 113 359 194
0470.jpg 159 238 213 302
0471.jpg 78 48 175 139
0472.jpg 260 219 376 330
0473.jpg 312 240 468 348
0474.jpg 230 45 401 172
0475.jpg 243 281 292 327
0476.jpg 75 247 219 355
0477.jpg 128 178 212 241
0478.jpg 131 152 211 234
0479.jpg 24 196 209 323
0480.jpg 222 201 261 247
0481.jpg 251 298 329 355
0482.jpg 147 151 223 258
0483.jpg 112 155 233 261
0484.jpg 113 184 189 291
0485.jpg 309 304 351 359
0486.jpg 399 248 457 310
0487.jpg 397 113 477 203
0488.jpg 34 158 169 285
0489.jpg 298 268 349 324
0490.jpg 34 202 157 318
0491.jpg 405 98 479 196
0492.jpg 345 208 436 320
0493.jpg 62 265 183 353
0494.jpg 29 31 113 94
0495.jpg 338 131 374 167
0496.jpg 396 116 444 180
0497.jpg 70 102 131 184
0498.jpg 76 155 119 201
0499.jpg 339 58 440 130
0500.jpg 62 214 110 278
0501.jpg 324 1 422 110
0502.jpg 253 9 351 118
0503.jpg 102 13 300 161
0504.jpg 200 240 276 347
0505.jpg 148 6 193 66
0506.jpg 219 291 283 337
0507.jpg 77 80 233 188
0508.jpg 92 47 187 133
0509.jpg 123 66 299 197
0510.jpg 401 27 465 116
0511.jpg 160 140 336 271
0512.jpg 168 211 349 359
0513.jpg 74 176 122 240
0514.jpg 196 275 312 357
0515.jpg 41 119 211 267
0516.jpg 135 13 281 161
0517.jpg 116 85 251 212
0518.jpg 228 179 323 265
0519.jpg 52 75 233 223
0520.jpg 131 149 231 278
0521.jpg 353 148 431 205
0522.jpg 249 131 333 194
0523.jpg 383 33 472 120
0524.jpg 344 70 456 177
0525.jpg 117 10 191 94
0526.jpg 133 61 196 132
0527.jpg 398 81 472 165
0528.jpg 87 152 121 198
0529.jpg 24 173 103 244
0530.jpg 384 3 412 39
0531.jpg 403 242 479 309
0532.jpg 255 16 306 72
0533.jpg 12 203 60 239
0534.jpg 49 125 122 189
0535.jpg 126 85 168 140
0536.jpg 255 75 307 146
0537.jpg 167 159 281 257
0538.jpg 405 315 433 351
0539.jpg 377 264 436 333
0540.jpg 22 17 64 72
0541.jpg 409 307 458 353
0542.jpg 375 244 417 299
0543.jpg 6 101 98 229
0544.jpg 387 82 479 210
0545.jpg 370 231 412 286
0546.jpg 34 233 119 331
0547.jpg 54 120 99 180
0548.jpg 366 63 432 126
0549.jpg 97 31 183 113
0550.jpg 45 30 90 90
0551.jpg 195 118 334 248
0552.jpg 417 14 445 50
0553.jpg 433 60 461 96
0554.jpg 326 106 360 152
0555.jpg 114 289 180 352
0556.jpg 28 213 123 299
0557.jpg 164 132 271 280
0558.jpg 25 111 126 183
0559.jpg 327 60 401 144
0560.jpg 39 52 131 180
0561.jpg 266 25 350 141
0562.jpg 225 34 286 116
0563.jpg 205 23 267 79
0564.jpg 28 66 167 196
0565.jpg 29 167 92 238
0566.jpg 359 273 475 355
0567.jpg 20 82 112 148
0568.jpg 284 26 416 124
0569.jpg 25 12 126 98
0570.jpg 212 70 304 136
0571.jpg 61 208 153 274
0572.jpg 292 32 370 89
0573.jpg 28 173 145 321
0574.jpg 140 16 210 87
0575.jpg 23 84 199 215
0576.jpg 381 120 449 202
0577.jpg 10 49 55 109
0578.jpg 394 147 443 193
0579.jpg 143 2 249 92
0580.jpg 101 81 211 163
0581.jpg 178 273 248 344
0582.jpg 27 58 166 188
0583.jpg 109 217 208 333
0584.jpg 399 63 472 127
0585.jpg 11 85 135 233
0586.jpg 216 63 265 109
0587.jpg 356 45 477 151
0588.jpg 373 239 458 347
0589.jpg 325 151 445 280
0590.jpg 20 144 190 292
0591.jpg 59 59 129 130
0592.jpg 370 93 454 209
0593.jpg 196 147 245 193
0594.jpg 255 6 331 113
0595.jpg 330 117 438 245
0596.jpg 12 4 101 91
0597.jpg 193 5 263 94
0598.jpg 367 212 401 258
0599.jpg 264 3 363 119
0600.jpg 298 260 393 346
0601.jpg 362 164 474 271
0602.jpg 333 261 396 332
0603.jpg 208 71 263 117
0604.jpg 304 59 380 166
0605.jpg 301 208 422 296
0606.jpg 255 253 313 315
0607.jpg 345 229 379 275
0608.jpg 108 208 151 254
0609.jpg 421 149 473 220
0610.jpg 108 238 212 346
0611.jpg 128 182 251 298
0612.jpg 21 171 131 253
0613.jpg 105 0 194 87
0614.jpg 44 30 164 159
0615.jpg 59 3 216 151
0616.jpg 88 26 151 97
0617.jpg 147 217 255 345
0618.jpg 392 78 460 160
0619.jpg 401 275 462 357
0620.jpg 421 99 464 145
0621.jpg 315 62 442 171
0622.jpg 389 67 474 165
0623.jpg 333 145 434 217
0624.jpg 234 242 355 330
0625.jpg 176 209 230 273
0626.jpg 264 234 312 270
0627.jpg 213 44 307 125
0628.jpg 366 138 457 250
0629.jpg 253 274 332 345
0630.jpg 342 80 436 161
0631.jpg 40 64 120 154
0632.jpg 327 205 397 294
0633.jpg 258 251 326 333
0634.jpg 182 2 258 69
0635.jpg 300 256 343 302
0636.jpg 122 215 269 343
0637.jpg 417 105 465 141
0638.jpg 221 24 306 132
0639.jpg 270 244 400 333
0640.jpg 288 249 316 285
0641.jpg 366 14 411 74
0642.jpg 74 197 129 243
0643.jpg 16 238 105 325
0644.jpg 224 4 267 50
0645.jpg 9 40 77 122
0646.jpg 361 186 409 222
0647.jpg 97 75 177 157
0648.jpg 72 301 108 337
0649.jpg 337 97 413 204
0650.jpg 342 200 427 272
0651.jpg 20 94 83 165
0652.jpg 375 212 454 283
0653.jpg 19 67 83 156
0654.jpg 180 203 294 301
0655.jpg 228 305 267 351
0656.jpg 1 16 216 164
0657.jpg 220 247 311 359
0658.jpg 319 72 389 143
0659.jpg 52 45 150 154
0660.jpg 14 282 57 328
0661.jpg 12 31 74 87
0662.jpg 300 36 334 82
0663.jpg 244 281 299 327
0664.jpg 269 10 416 138
0665.jpg 191 58 330 188
0666.jpg 102 38 182 120
0667.jpg 264 22 348 138
0668.jpg 197 98 341 206
0669.jpg 145 18 255 100
0670.jpg 143 19 259 130
0671.jpg 262 3 323 85
0672.jpg 126 309 181 355
0673.jpg 1 130 99 239
0674.jpg 65 210 138 266
0675.jpg 80 201 144 290
0676.jpg 25 10 68 56
0677.jpg 71 261 151 351
0678.jpg 411 273 460 319
0679.jpg 274 202 409 329
0680.jpg 43 104 117 188
0681.jpg 230 220 406 351
0682.jpg 111 220 174 291
0683.jpg 274 16 375 88
0684.jpg 330 98 398 180
0685.jpg 329 216 443 314
0686.jpg 372 36 465 142
0687.jpg 121 170 173 241
0688.jpg 360 121 394 167
0689.jpg 240 14 384 122
0690.jpg 35 106 147 213
0691.jpg 226 261 306 351
0692.jpg 403 12 465 68
0693.jpg 242 48 287 108
0694.jpg 298 60 332 106
0695.jpg 13 85 120 201
0696.jpg 46 49 135 136
0697.jpg 286 11 362 78
0698.jpg 85 202 144 271
0699.jpg 27 43 101 141
0700.jpg 27 144 103 251
0701.jpg 338 264 468 353
0702.jpg 346 95 452 185
0703.jpg 138 223 166 259
0704.jpg 299 19 327 55
0705.jpg 245 229 279 275
0706.jpg 58 109 143 207
0707.jpg 199 47 275 114
0708.jpg 204 201 274 272
0709.jpg 320 117 388 199
0710.jpg 296 62 453 210
0711.jpg 405 105 453 141
0712.jpg 4 133 104 262
0713.jpg 314 30 407 136
0714.jpg 304 61 398 142
0715.jpg 19 44 123 142
0716.jpg 4 116 32 152
0717.jpg 347 286 383 322
0718.jpg 62 172 135 228
0719.jpg 51 165 99 229
0720.jpg 74 123 138 169
0721.jpg 37 120 79 175
0722.jpg 122 11 266 119
0723.jpg 110 2 230 131
0724.jpg 98 81 214 163
0725.jpg 8 88 193 215
0726.jpg 347 36 420 92
0727.jpg 343 97 450 213
0728.jpg 205 268 239 314
0729.jpg 265 22 345 112
0730.jpg 384 98 454 169
0731.jpg 397 167 460 238
0732.jpg 61 193 177 304
0733.jpg 79 86 170 198
0734.jpg 380 125 464 241
0735.jpg 365 273 445 355
0736.jpg 394 273 443 319
0737.jpg 71 206 145 290
0738.jpg 44 95 152 223
0739.jpg 41 69 169 198
0740.jpg 22 159 207 286
0741.jpg 203 208 288 280
0742.jpg 99 3 232 117
0743.jpg 10 19 69 88
0744.jpg 185 276 236 332
0745.jpg 72 237 136 326
0746.jpg 45 176 90 236
0747.jpg 39 152 137 261
0748.jpg 201 203 263 259
0749.jpg 312 274 397 346
0750.jpg 362 270 425 341
0751.jpg 175 16 209 62
0752.jpg 235 49 286 105
0753.jpg 21 2 165 110
0754.jpg 277 186 375 295
0755.jpg 112 37 174 93
0756.jpg 313 114 387 198
0757.jpg 283 275 345 331
0758.jpg 108 55 182 139
0759.jpg 363 76 479 158
0760.jpg 318 199 413 297
0761.jpg 23 245 87 291
0762.jpg 269 46 333 92
0763.jpg 111 15 238 124
0764.jpg 300 0 416 82
0765.jpg 315 37 436 143
0766.jpg 113 282 141 318
0767.jpg 274 113 445 240
0768.jpg 280 239 413 353
0769.jpg 217 21 271 85
0770.jpg 376 5 471 103
0771.jpg 87 109 160 165
0772.jpg 5 136 69 225
0773.jpg 309 67 348 113
0774.jpg 274 34 354 116
0775.jpg 72 217 262 348
0776.jpg 396 78 459 149
0777.jpg 81 148 182 220
0778.jpg 84 172 148 218
0779.jpg 378 287 423 347
0780.jpg 379 198 438 267
0781.jpg 319 168 418 284
0782.jpg 348 164 455 312
0783.jpg 280 11 328 47
0784.jpg 115 55 199 118
0785.jpg 65 201 166 287
0786.jpg 199 265 247 301
0787.jpg 7 2 81 100
0788.jpg 221 215 325 313
0789.jpg 222 102 390 218
0790.jpg 402 112 451 158
0791.jpg 39 134 195 242
0792.jpg 75 242 117 297
0793.jpg 19 188 147 317
0794.jpg 263 162 331 244
0795.jpg 165 103 260 189
0796.jpg 297 238 370 294
0797.jpg 236 153 284 189
0798.jpg 21 10 128 126
0799.jpg 10 18 111 104
0800.jpg 226 251 306 341
0801.jpg 425 249 477 320
0802.jpg 399 221 458 290
0803.jpg 328 293 394 356
0804.jpg 67 51 103 87
0805.jpg 19 12 123 120
0806.jpg 209 40 310 112
0807.jpg 399 136 451 207
0808.jpg 431 95 479 131
0809.jpg 296 283 344 347
0810.jpg 327 36 389 92
0811.jpg 146 15 241 113
0812.jpg 122 298 184 354
0813.jpg 98 37 171 101
0814.jpg 4 214 80 281
0815.jpg 384 17 468 80
0816.jpg 267 283 333 346
0817.jpg 49 192 104 238
0818.jpg 335 12 449 110
0819.jpg 248 261 296 325
0820.jpg 28 26 92 115
0821.jpg 77 82 132 128
0822.jpg 297 279 367 350
0823.jpg 175 262 223 326
0824.jpg 46 28 124 85
0825.jpg 17 196 144 305
0826.jpg 91 259 165 357
0827.jpg 39 175 90 231
0828.jpg 187 266 241 330
0829.jpg 248 288 307 357
0830.jpg 54 287 124 358
0831.jpg 12 37 61 83
0832.jpg 17 95 123 185
0833.jpg 367 244 447 334
0834.jpg 124 287 182 349
0835.jpg 426 3 468 58
0836.jpg 1 181 95 262
0837.jpg 377 176 435 238
0838.jpg 226 270 306 352
0839.jpg 291 55 346 101
0840.jpg 332 274 433 346
0841.jpg 340 295 388 331
0842.jpg 342 97 391 143
0843.jpg 133 5 272 135
0844.jpg 374 67 432 129
0845.jpg 225 35 320 121
0846.jpg 171 236 225 300
0847.jpg 354 5 470 116
0848.jpg 149 3 281 101
0849.jpg 1 174 113 281
0850.jpg 85 4 176 116
0851.jpg 153 245 196 291
0852.jpg 57 237 169 344
0853.jpg 80 33 236 141
0854.jpg 253 20 443 151
0855.jpg 93 251 172 322
0856.jpg 361 143 431 214
0857.jpg 379 156 447 238
0858.jpg 351 219 410 288
0859.jpg 356 28 463 144
0860.jpg 4 88 150 236
0861.jpg 228 113 301 177
0862.jpg 241 211 302 293
0863.jpg 131 209 179 273
0864.jpg 163 255 222 324
0865.jpg 260 28 339 99
0866.jpg 405 12 439 58
0867.jpg 105 11 233 140
0868.jpg 56 146 101 206
0869.jpg 387 145 448 227
0870.jpg 384 68 469 176
0871.jpg 162 17 253 129
0872.jpg 114 18 162 54
0873.jpg 187 14 288 100
0874.jpg 364 155 464 284
0875.jpg 119 50 183 96
0876.jpg 69 96 117 132
0877.jpg 382 22 475 128
0878.jpg 25 125 64 171
0879.jpg 368 113 466 222
0880.jpg 67 79 162 165
0881.jpg 190 279 254 325
0882.jpg 115 60 174 129
0883.jpg 59 57 120 139
0884.jpg 368 34 468 163
0885.jpg 65 227 143 284
0886.jpg 220 30 282 86
0887.jpg 286 251 356 340
0888.jpg 270 218 344 316
0889.jpg 292 43 399 191
0890.jpg 274 92 381 208
0891.jpg 133 66 197 112
0892.jpg 244 133 299 179
0893.jpg 318 193 410 321
0894.jpg 126 86 242 168
0895.jpg 76 42 146 131
0896.jpg 137 258 243 348
0897.jpg 228 51 301 107
0898.jpg 105 25 198 131
0899.jpg 9 109 123 237
0900.jpg 99 29 138 75
0901.jpg 238 28 406 144
0902.jpg 218 15 254 51
0903.jpg 115 56 177 112
0904.jpg 197 13 246 59
0905.jpg 9 256 73 345
0906.jpg 369 78 454 150
0907.jpg 320 36 396 143
0908.jpg 303 29 459 137
0909.jpg 316 85 449 199
0910.jpg 120 36 226 126
0911.jpg 357 183 454 274
0912.jpg 336 29 443 145
0913.jpg 353 200 450 291
0914.jpg 0 298 45 358
0915.jpg 319 75 410 187
0916.jpg 30 45 116 127
0917.jpg 14 206 141 315
0918.jpg 294 184 395 256
0919.jpg 354 184 475 290
0920.jpg 17 30 112 128
0921.jpg 293 204 439 352
0922.jpg 397 283 463 346
0923.jpg 329 255 393 344
0924.jpg 9 133 104 219
0925.jpg 116 259 186 330
0926.jpg 352 220 411 289
0927.jpg 9 204 37 240
0928.jpg 13 159 137 307
0929.jpg 6 162 76 233
0930.jpg 272 35 300 71
0931.jpg 262 65 332 154
0932.jpg 255 179 328 235
0933.jpg 224 192 400 323
0934.jpg 187 249 260 313
0935.jpg 398 106 449 162
0936.jpg 355 53 459 151
0937.jpg 346 221 439 327
0938.jpg 150 239 234 302
0939.jpg 16 92 86 181
0940.jpg 309 33 382 89
0941.jpg 25 205 98 269
0942.jpg 315 1 366 57
0943.jpg 9 228 110 314
0944.jpg 404 174 478 272
0945.jpg 5 39 137 137
0946.jpg 138 24 259 112
0947.jpg 43 83 91 119
0948.jpg 206 279 234 315
0949.jpg 368 16 465 107
0950.jpg 35 256 99 345
0951.jpg 39 213 123 329
0952.jpg 19 229 204 356
0953.jpg 269 55 321 126
0954.jpg 203 49 254 105
0955.jpg 132 283 168 319
0956.jpg 306 8 334 44
0957.jpg 3 16 67 105
0958.jpg 343 140 453 222
0959.jpg 371 163 441 234
0960.jpg 353 165 395 220
0961.jpg 350 85 470 214
0962.jpg 268 183 449 331
0963.jpg 4 194 185 342
0964.jpg 32 67 116 183
0965.jpg 263 173 347 289
0966.jpg 80 186 237 334
0967.jpg 81 56 213 154
0968.jpg 445 5 479 51
0969.jpg 155 18 247 84
0970.jpg 370 257 444 341
0971.jpg 265 192 310 252
0972.jpg 312 207 392 289
0973.jpg 299 3 394 89
0974.jpg 107 26 199 154
0975.jpg 279 56 345 119
0976.jpg 1 165 158 313
0977.jpg 81 224 271 355
0978.jpg 34 105 97 176
0979.jpg 229 160 277 196
0980.jpg 282 240 356 324
0981.jpg 295 230 329 276
0982.jpg 357 120 411 184
0983.jpg 5 195 152 323
0984.jpg 15 207 159 315
0985.jpg 204 273 263 342
0986.jpg 291 209 399 337
0987.jpg 35 96 120 168
0988.jpg 61 187 237 318
0989.jpg 47 257 96 303
0990.jpg 237 9 322 107
0991.jpg 114 227 258 335
0992.jpg 246 92 347 164
0993.jpg 85 215 159 313
0994.jpg 327 216 460 330
0995.jpg 50 267 104 331
0996.jpg 253 176 392 306
0997.jpg 29 234 109 324
0998.jpg 232 227 359 336
0999.jpg 51 102 100 148
1000.jpg 218 250 261 296
