0001.jpg 111 219 282 346
0002.jpg 127 255 186 324
0003.jpg 94 212 188 293
0004.jpg 95 195 187 261
0005.jpg 189 238 319 327
0006.jpg 246 203 387 319
0007.jpg 312 189 435 305
0008.jpg 352 104 415 175
0009.jpg 12 145 91 216
0010.jpg 393 69 457 158
0011.jpg 45 104 111 167
0012.jpg 53 249 133 331
0013.jpg 203 254 262 323
0014.jpg 360 55 446 137
0015.jpg 64 247 127 318
0016.jpg 181 278 266 350
0017.jpg 375 41 460 113
0018.jpg 5 99 54 145
0019.jpg 31 285 116 357
0020.jpg 146 247 201 293
0021.jpg 82 194 258 325
0022.jpg 69 197 181 304
0023.jpg 186 275 234 311
0024.jpg 374 128 466 256
0025.jpg 384 118 457 182
0026.jpg 139 203 228 290
0027.jpg 166 210 294 339
0028.jpg 174 26 306 124
0029.jpg 155 236 296 352
0030.jpg 291 41 346 87
0031.jpg 71 256 133 312
0032.jpg 181 15 266 113
0033.jpg 77 229 139 285
0034.jpg 307 232 392 340
0035.jpg 180 207 301 313
0036.jpg 192 198 308 309
0037.jpg 407 209 471 298
0038.jpg 103 205 207 313
0039.jpg 56 53 129 109
0040.jpg 24 48 110 130
0041.jpg 378 262 421 308
0042.jpg 48 22 152 130
0043.jpg 118 291 166 355
0044.jpg 72 30 108 66
0045.jpg 390 54 458 136
0046.jpg 380 273 453 337
0047.jpg 241 300 292 356
0048.jpg 117 5 203 87
0049.jpg 246 155 393 283
0050.jpg 61 162 162 248
0051.jpg 353 149 431 206
0052.jpg 388 76 479 188
0053.jpg 171 311 220 357
0054.jpg 399 238 457 300
0055.jpg 381 248 476 334
0056.jpg 129 253 174 313
0057.jpg 95 313 138 359
0058.jpg 59 291 151 357
0059.jpg 211 94 284 150
0060.jpg 294 231 479 358
0061.jpg 296 229 324 265
0062.jpg 312 225 374 281
0063.jpg 39 245 183 353
0064.jpg 25 76 105 166
0065.jpg 328 89 429 161
0066.jpg 182 205 372 336
0067.jpg 71 6 187 88
0068.jpg 345 285 437 351
0069.jpg 31 259 120 346
0070.jpg 20 266 62 321
0071.jpg 67 30 133 93
0072.jpg 121 235 173 306
0073.jpg 52 300 80 336
0074.jpg 11 12 89 69
0075.jpg 374 21 433 90
0076.jpg 160 218 249 305
0077.jpg 46 190 131 262
0078.jpg 334 65 426 131
0079.jpg 348 16 464 127
0080.jpg 156 221 195 267
0081.jpg 14 230 185 357
0082.jpg 267 16 399 114
0083.jpg 275 41 366 153
0084.jpg 262 66 432 214
0085.jpg 58 1 100 56
0086.jpg 349 235 435 317
0087.jpg 357 171 457 300
0088.jpg 378 228 463 300
0089.jpg 365 34 426 116
0090.jpg 255 152 297 207
0091.jpg 10 163 89 234
0092.jpg 35 161 101 224
0093.jpg 233 15 328 101
0094.jpg 324 51 363 97
0095.jpg 323 89 359 125
0096.jpg 351 231 448 322
0097.jpg 128 293 220 359
0098.jpg 434 53 473 99
0099.jpg 340 29 470 177
0100.jpg 103 244 131 280
0101.jpg 330 200 388 262
0102.jpg 15 257 73 319
0103.jpg 8 187 108 316
0104.jpg 241 16 320 87
0105.jpg 209 7 285 74
0106.jpg 106 272 222 354
0107.jpg 165 224 312 352
0108.jpg 39 280 97 342
0109.jpg 406 166 454 202
0110.jpg 369 97 462 203
0111.jpg 246 7 330 70
0112.jpg 344 57 396 128
0113.jpg 122 18 177 64
0114.jpg 328 236 408 318
0115.jpg 146 41 240 122
0116.jpg 394 6 436 61
0117.jpg 335 143 428 249
0118.jpg 205 14 326 102
0119.jpg 24 26 141 174
0120.jpg 16 112 70 176
0121.jpg 381 202 455 300
0122.jpg 352 242 459 358
0123.jpg 284 265 385 337
0124.jpg 142 91 216 189
0125.jpg 207 261 266 330
0126.jpg 337 11 460 127
0127.jpg 247 35 317 106
0128.jpg 153 9 281 138
0129.jpg 265 36 338 100
0130.jpg 31 109 90 178
0131.jpg 369 170 462 276
0132.jpg 10 152 95 250
0133.jpg 56 196 111 242
0134.jpg 187 203 226 249
0135.jpg 354 204 460 294
0136.jpg 359 189 443 305
0137.jpg 328 184 402 282
0138.jpg 62 179 197 306
0139.jpg 339 11 438 127
0140.jpg 229 168 328 284
0141.jpg 55 233 159 341
0142.jpg 348 196 472 344
0143.jpg 50 25 130 107
0144.jpg 150 21 306 129
0145.jpg 339 72 419 162
0146.jpg 97 284 148 340
0147.jpg 146 49 207 131
0148.jpg 292 146 383 258
0149.jpg 298 253 391 359
0150.jpg 360 166 424 255
0151.jpg 240 146 367 255
0152.jpg 215 267 293 324
0153.jpg 355 263 465 345
0154.jpg 298 0 437 130
0155.jpg 259 2 344 74
0156.jpg 273 30 429 138
0157.jpg 329 82 421 148
0158.jpg 173 8 225 79
0159.jpg 0 300 28 336
0160.jpg 214 41 265 97
0161.jpg 15 160 94 231
0162.jpg 47 220 95 284
0163.jpg 90 215 124 261
0164.jpg 154 279 182 315
0165.jpg 400 248 470 319
0166.jpg 61 17 109 53
0167.jpg 105 273 147 328
0168.jpg 366 53 457 165
0169.jpg 102 283 160 345
0170.jpg 372 206 445 262
0171.jpg 16 55 111 153
0172.jpg 224 253 317 359
0173.jpg 410 33 455 93
0174.jpg 25 95 68 141
0175.jpg 397 142 461 188
0176.jpg 92 196 200 324
0177.jpg 19 198 127 326
0178.jpg 220 279 259 325
0179.jpg 269 11 390 99
0180.jpg 64 226 220 355
0181.jpg 194 232 243 278
0182.jpg 8 146 100 274
0183.jpg 249 208 361 315
0184.jpg 37 155 122 253
0185.jpg 111 133 232 221
0186.jpg 388 175 416 211
0187.jpg 4 195 97 301
0188.jpg 9 113 48 159
0189.jpg 190 290 245 336
0190.jpg 267 251 337 322
0191.jpg 404 11 463 80
0192.jpg 192 24 258 87
0193.jpg 55 5 140 103
0194.jpg 179 40 218 86
0195.jpg 307 1 368 83
0196.jpg 8 29 122 127
0197.jpg 293 234 369 341
0198.jpg 77 252 181 350
0199.jpg 36 229 84 265
0200.jpg 28 84 92 173
0201.jpg 74 36 119 96
0202.jpg 61 69 109 105
0203.jpg 373 256 457 319
0204.jpg 312 275 378 338
0205.jpg 52 32 95 78
0206.jpg 387 81 426 127
0207.jpg 126 156 171 216
0208.jpg 67 20 174 168
0209.jpg 65 218 169 316
0210.jpg 192 243 289 334
0211.jpg 95 208 161 271
0212.jpg 395 268 434 314
0213.jpg 350 269 384 315
0214.jpg 6 90 91 162
0215.jpg 255 36 318 107
0216.jpg 26 211 71 271
0217.jpg 120 273 188 355
0218.jpg 16 239 184 355
0219.jpg 356 181 451 279
0220.jpg 170 225 221 281
0221.jpg 37 70 134 161
0222.jpg 109 25 175 88
0223.jpg 373 181 458 289
0224.jpg 42 191 120 248
0225.jpg 3 116 104 202
0226.jpg 28 128 114 210
0227.jpg 42 22 103 104
0228.jpg 20 166 134 294
0229.jpg 150 235 235 307
0230.jpg 183 266 275 332
0231.jpg 310 12 361 68
0232.jpg 18 188 146 317
0233.jpg 9 145 101 211
0234.jpg 301 241 365 330
0235.jpg 89 4 196 120
0236.jpg 79 134 149 223
0237.jpg 68 115 116 179
0238.jpg 188 278 239 334
0239.jpg 347 27 451 125
0240.jpg 381 195 466 303
0241.jpg 235 206 365 354
0242.jpg 333 105 463 194
0243.jpg 59 166 135 233
0244.jpg 16 86 89 150
0245.jpg 295 196 379 312
0246.jpg 355 243 403 279
0247.jpg 46 45 137 157
0248.jpg 41 187 69 223
0249.jpg 300 229 404 337
0250.jpg 265 215 363 324
0251.jpg 260 202 374 300
0252.jpg 202 220 276 318
0253.jpg 250 189 335 297
0254.jpg 40 209 187 337
0255.jpg 147 260 233 342
0256.jpg 78 54 129 110
0257.jpg 321 157 463 255
0258.jpg 244 18 278 64
0259.jpg 400 87 474 185
0260.jpg 3 156 102 272
0261.jpg 336 274 402 337
0262.jpg 3 216 88 324
0263.jpg 46 29 131 101
0264.jpg 78 16 126 52
0265.jpg 367 18 447 108
0266.jpg 22 154 116 235
0267.jpg 277 38 378 110
0268.jpg 419 13 474 59
0269.jpg 55 28 119 74
0270.jpg 313 282 349 318
0271.jpg 391 247 455 336
0272.jpg 35 66 114 137
0273.jpg 213 157 343 305
0274.jpg 16 25 102 107
0275.jpg 111 1 221 83
0276.jpg 176 306 215 352
0277.jpg 174 3 250 110
0278.jpg 124 4 221 95
0279.jpg 350 4 441 116
0280.jpg 137 50 207 121
0281.jpg 212 31 288 138
0282.jpg 8 165 53 225
0283.jpg 32 219 123 331
0284.jpg 45 245 123 302
0285.jpg 21 251 122 323
0286.jpg 317 72 353 108
0287.jpg 227 287 319 353
0288.jpg 261 261 391 350
0289.jpg 23 139 155 237
0290.jpg 261 251 325 340
0291.jpg 219 212 261 267
0292.jpg 289 211 410 299
0293.jpg 295 180 380 252
0294.jpg 127 173 227 302
0295.jpg 244 40 336 106
0296.jpg 32 164 125 270
0297.jpg 220 254 268 290
0298.jpg 186 28 260 126
0299.jpg 99 201 206 317
0300.jpg 196 83 274 140
0301.jpg 55 233 149 314
0302.jpg 33 220 134 306
0303.jpg 104 230 218 358
0304.jpg 74 152 165 264
0305.jpg 220 260 299 331
0306.jpg 247 186 354 334
0307.jpg 204 170 303 286
0308.jpg 357 253 446 340
0309.jpg 134 221 302 337
0310.jpg 74 168 190 250
0311.jpg 29 156 63 202
0312.jpg 10 166 157 294
0313.jpg 344 68 399 114
0314.jpg 285 208 363 265
0315.jpg 195 247 243 311
0316.jpg 262 121 362 250
0317.jpg 247 21 286 67
0318.jpg 312 167 404 295
0319.jpg 255 206 371 288
0320.jpg 121 218 241 347
0321.jpg 278 233 352 331
0322.jpg 139 192 224 290
0323.jpg 192 33 254 89
0324.jpg 164 0 228 46
0325.jpg 83 254 204 342
0326.jpg 59 227 133 325
0327.jpg 101 38 149 102
0328.jpg 296 81 424 210
0329.jpg 345 62 475 210
0330.jpg 262 65 311 111
0331.jpg 144 285 229 357
0332.jpg 183 18 263 108
0333.jpg 354 246 409 292
0334.jpg 35 136 98 207
0335.jpg 80 228 153 292
0336.jpg 82 244 133 300
0337.jpg 256 206 341 304
0338.jpg 14 44 57 90
0339.jpg 318 265 410 331
0340.jpg 34 4 166 102
0341.jpg 58 9 229 136
0342.jpg 270 8 340 79
0343.jpg 15 1 70 47
0344.jpg 397 280 425 316
0345.jpg 256 253 336 343
0346.jpg 324 62 366 117
0347.jpg 388 268 430 323
0348.jpg 245 221 318 277
0349.jpg 381 93 475 174
0350.jpg 50 229 182 327
0351.jpg 110 213 254 321
0352.jpg 83 173 259 304
0353.jpg 175 192 227 263
0354.jpg 26 74 115 161
0355.jpg 57 35 120 106
0356.jpg 55 67 118 138
0357.jpg 137 55 180 101
0358.jpg 163 204 226 275
0359.jpg 130 243 224 324
0360.jpg 354 247 434 329
0361.jpg 12 167 133 255
0362.jpg 306 110 405 226
0363.jpg 333 223 372 269
0364.jpg 15 161 110 247
0365.jpg 330 216 366 252
0366.jpg 27 214 212 341
0367.jpg 260 216 361 302
0368.jpg 375 239 449 323
0369.jpg 62 224 176 322
0370.jpg 260 255 361 341
0371.jpg 323 170 351 206
0372.jpg 372 188 456 251
0373.jpg 210 199 311 271
0374.jpg 86 213 221 340
0375.jpg 49 58 122 122
0376.jpg 355 71 441 153
0377.jpg 228 60 283 106
0378.jpg 391 250 450 319
0379.jpg 44 130 83 176
0380.jpg 373 103 443 192
0381.jpg 172 51 293 139
0382.jpg 338 132 435 223
0383.jpg 314 249 403 336
0384.jpg 164 26 258 107
0385.jpg 280 44 372 110
0386.jpg 322 128 395 184
0387.jpg 268 56 369 128
0388.jpg 394 150 468 248
0389.jpg 365 239 450 337
0390.jpg 354 57 445 169
0391.jpg 243 63 291 99
0392.jpg 264 244 318 308
0393.jpg 327 77 390 148
0394.jpg 278 39 363 137
0395.jpg 280 226 328 290
0396.jpg 290 224 375 322
0397.jpg 117 21 231 149
0398.jpg 319 250 451 348
0399.jpg 149 222 259 304
0400.jpg 313 244 404 356
0401.jpg 170 171 278 299
0402.jpg 220 254 299 325
0403.jpg 342 224 427 296
0404.jpg 172 263 220 299
0405.jpg 392 113 460 195
0406.jpg 314 6 399 78
0407.jpg 262 6 403 122
0408.jpg 4 185 151 313
0409.jpg 155 24 228 88
0410.jpg 7 25 96 112
0411.jpg 20 39 111 151
0412.jpg 199 274 273 358
0413.jpg 436 155 479 201
0414.jpg 31 26 104 82
0415.jpg 352 251 432 341
0416.jpg 416 66 467 122
0417.jpg 289 264 374 336
0418.jpg 372 236 476 344
0419.jpg 266 245 336 334
0420.jpg 192 153 241 199
0421.jpg 266 166 364 275
0422.jpg 110 247 211 319
0423.jpg 397 288 431 334
0424.jpg 145 240 229 356
0425.jpg 100 2 170 91
0426.jpg 147 239 280 353
0427.jpg 105 208 273 324
0428.jpg 159 220 315 328
0429.jpg 17 163 110 269
0430.jpg 388 254 474 336
0431.jpg 359 41 448 128
0432.jpg 33 230 109 297
0433.jpg 3 75 65 131
0434.jpg 240 280 310 351
0435.jpg 30 186 115 284
0436.jpg 379 93 407 129
0437.jpg 37 126 161 274
0438.jpg 155 212 183 248
0439.jpg 107 183 264 331
0440.jpg 64 108 158 189
0441.jpg 126 245 196 334
0442.jpg 262 3 298 39
0443.jpg 83 47 131 83
0444.jpg 280 227 364 343
0445.jpg 336 18 398 74
0446.jpg 442 252 478 288
0447.jpg 207 31 255 67
0448.jpg 347 248 389 303
0449.jpg 241 253 315 351
0450.jpg 41 112 93 183
0451.jpg 202 2 323 108
0452.jpg 276 286 349 342
0453.jpg 221 28 301 110
0454.jpg 136 213 216 303
0455.jpg 347 271 448 357
0456.jpg 212 234 307 332
0457.jpg 287 225 401 323
0458.jpg 1 117 35 163
0459.jpg 26 302 62 338
0460.jpg 97 102 125 138
0461.jpg 398 13 468 84
0462.jpg 5 254 50 314
0463.jpg 134 42 188 106
0464.jpg 331 207 392 289
0465.jpg 368 82 416 118
0466.jpg 140 191 241 263
0467.jpg 145 176 252 324
0468.jpg 184 203 316 301
0469.jpg 357 142 421 188
0470.jpg 11 248 125 346
0471.jpg 269 231 355 313
0472.jpg 116 48 158 103
0473.jpg 373 121 437 210
0474.jpg 327 195 448 283
0475.jpg 207 205 241 251
0476.jpg 276 2 360 65
0477.jpg 311 201 450 331
0478.jpg 266 218 410 326
0479.jpg 269 222 413 330
0480.jpg 314 210 453 340
0481.jpg 175 169 220 229
0482.jpg 360 4 388 40
0483.jpg 289 288 317 324
0484.jpg 214 224 321 340
0485.jpg 165 0 266 86
0486.jpg 75 119 245 267
0487.jpg 303 45 358 91
0488.jpg 364 36 415 92
0489.jpg 101 81 215 179
0490.jpg 83 80 161 137
0491.jpg 389 132 455 195
0492.jpg 153 293 192 339
0493.jpg 185 221 276 333
0494.jpg 88 139 202 237
0495.jpg 25 193 89 239
0496.jpg 296 271 354 333
0497.jpg 306 276 357 332
0498.jpg 134 263 198 352
0499.jpg 307 225 437 314
0500.jpg 8 145 132 293
0501.jpg 64 257 128 303
0502.jpg 0 201 104 309
0503.jpg 318 180 417 296
0504.jpg 394 15 433 61
0505.jpg 253 103 314 185
0506.jpg 30 161 130 290
0507.jpg 206 26 268 82
0508.jpg 30 126 134 234
0509.jpg 38 158 168 247
0510.jpg 269 253 399 342
0511.jpg 46 100 105 169
0512.jpg 284 212 425 328
0513.jpg 153 215 281 344
0514.jpg 77 166 150 222
0515.jpg 355 22 407 93
0516.jpg 17 244 144 353
0517.jpg 29 48 133 156
0518.jpg 94 27 142 63
0519.jpg 205 216 266 298
0520.jpg 164 7 222 69
0521.jpg 255 5 349 86
0522.jpg 158 308 192 354
0523.jpg 97 161 225 290
0524.jpg 215 124 345 213
0525.jpg 322 149 461 279
0526.jpg 429 286 477 350
0527.jpg 62 156 156 237
0528.jpg 19 97 99 179
0529.jpg 345 67 449 175
0530.jpg 384 54 469 162
0531.jpg 5 165 57 236
0532.jpg 7 173 87 263
0533.jpg 115 69 151 105
0534.jpg 380 249 434 313
0535.jpg 181 201 328 329
0536.jpg 24 275 79 321
0537.jpg 164 236 198 282
0538.jpg 300 33 343 79
0539.jpg 189 68 238 114
0540.jpg 352 219 430 276
0541.jpg 167 241 281 339
0542.jpg 387 254 460 310
0543.jpg 283 256 337 320
0544.jpg 65 26 135 97
0545.jpg 78 10 205 119
0546.jpg 0 221 114 349
0547.jpg 224 289 297 353
0548.jpg 330 241 375 301
0549.jpg 312 217 371 286
0550.jpg 13 156 55 211
0551.jpg 356 240 420 286
0552.jpg 339 36 415 143
0553.jpg 72 265 146 349
0554.jpg 327 202 443 284
0555.jpg 365 158 458 264
0556.jpg 274 25 308 71
0557.jpg 15 7 99 70
0558.jpg 255 2 325 73
0559.jpg 70 290 148 347
0560.jpg 31 46 97 109
0561.jpg 387 277 415 313
0562.jpg 221 224 318 315
0563.jpg 22 14 117 100
0564.jpg 353 15 453 144
0565.jpg 192 259 266 357
0566.jpg 96 238 212 320
0567.jpg 284 270 342 332
0568.jpg 417 118 460 164
0569.jpg 106 63 154 99
0570.jpg 131 265 215 328
0571.jpg 197 233 270 297
0572.jpg 22 251 81 320
0573.jpg 89 238 216 347
0574.jpg 86 253 171 351
0575.jpg 239 230 360 336
0576.jpg 283 219 425 317
0577.jpg 44 140 110 203
0578.jpg 268 230 307 276
0579.jpg 310 268 349 314
0580.jpg 4 23 118 121
0581.jpg 63 60 142 131
0582.jpg 294 264 336 319
0583.jpg 374 207 448 305
0584.jpg 16 227 151 354
0585.jpg 266 264 328 320
0586.jpg 362 230 428 293
0587.jpg 204 13 280 80
0588.jpg 95 285 154 354
0589.jpg 15 80 129 178
0590.jpg 393 147 477 263
0591.jpg 6 7 91 115
0592.jpg 54 286 124 357
0593.jpg 47 253 177 342
0594.jpg 36 267 121 339
0595.jpg 234 225 348 323
0596.jpg 132 16 190 78
0597.jpg 93 294 144 350
0598.jpg 365 237 426 319
0599.jpg 5 71 78 127
0600.jpg 69 224 160 336
0601.jpg 90 138 144 202
0602.jpg 5 42 109 140
0603.jpg 12 106 88 173
0604.jpg 60 81 124 127
0605.jpg 324 273 379 319
0606.jpg 104 91 162 153
0607.jpg 19 53 123 151
0608.jpg 55 3 211 111
0609.jpg 33 26 141 154
0610.jpg 106 82 207 154
0611.jpg 326 243 468 341
0612.jpg 260 236 358 345
0613.jpg 92 123 146 187
0614.jpg 398 113 457 182
0615.jpg 39 123 93 187
0616.jpg 396 89 447 145
0617.jpg 21 206 80 275
0618.jpg 179 71 222 117
0619.jpg 56 43 157 129
0620.jpg 11 241 59 305
0621.jpg 195 15 234 61
0622.jpg 364 20 444 110
0623.jpg 57 243 199 341
0624.jpg 101 262 162 344
0625.jpg 341 123 390 169
0626.jpg 17 137 91 235
0627.jpg 390 80 449 149
0628.jpg 52 65 107 111
0629.jpg 347 117 451 215
0630.jpg 371 168 468 259
0631.jpg 166 227 321 343
0632.jpg 75 219 153 276
0633.jpg 1 161 177 292
0634.jpg 207 270 277 359
0635.jpg 114 177 299 304
0636.jpg 152 222 203 278
0637.jpg 124 254 203 325
0638.jpg 176 171 357 319
0639.jpg 383 5 461 62
0640.jpg 56 171 141 243
0641.jpg 355 223 447 351
0642.jpg 111 217 177 280
0643.jpg 38 50 152 148
0644.jpg 141 34 215 118
0645.jpg 289 195 405 306
0646.jpg 300 297 362 353
0647.jpg 56 204 224 320
0648.jpg 223 56 251 92
0649.jpg 334 13 379 73
0650.jpg 1 128 182 276
0651.jpg 416 244 474 306
0652.jpg 265 209 395 298
0653.jpg 368 14 426 76
0654.jpg 388 15 473 113
0655.jpg 27 232 162 359
0656.jpg 108 25 188 107
0657.jpg 321 228 422 300
0658.jpg 190 22 263 86
0659.jpg 399 84 435 120
0660.jpg 102 279 164 335
0661.jpg 301 290 359 352
0662.jpg 40 23 154 151
0663.jpg 188 2 240 73
0664.jpg 3 97 77 195
0665.jpg 18 42 138 171
0666.jpg 100 69 164 115
0667.jpg 66 243 108 298
0668.jpg 8 27 100 155
0669.jpg 10 36 73 107
0670.jpg 383 187 447 276
0671.jpg 136 302 200 348
0672.jpg 271 227 406 354
0673.jpg 337 221 411 319
0674.jpg 131 189 346 337
0675.jpg 227 204 403 335
0676.jpg 260 58 312 129
0677.jpg 288 240 421 354
0678.jpg 292 203 436 311
0679.jpg 315 196 419 304
0680.jpg 35 134 119 250
0681.jpg 19 189 87 271
0682.jpg 68 107 175 223
0683.jpg 325 43 416 155
0684.jpg 392 108 477 216
0685.jpg 338 125 452 223
0686.jpg 289 23 433 131
0687.jpg 69 199 97 235
0688.jpg 54 3 152 112
0689.jpg 391 131 477 213
0690.jpg 56 297 129 353
0691.jpg 198 20 283 92
0692.jpg 310 17 358 81
0693.jpg 225 23 322 114
0694.jpg 37 201 172 328
0695.jpg 210 198 253 244
0696.jpg 169 252 237 334
0697.jpg 23 196 124 282
0698.jpg 8 28 62 92
0699.jpg 174 0 254 82
0700.jpg 255 259 334 330
0701.jpg 39 96 82 142
0702.jpg 264 7 387 123
0703.jpg 61 70 137 137
0704.jpg 158 45 201 91
0705.jpg 121 248 189 330
0706.jpg 404 94 472 176
0707.jpg 388 249 458 320
0708.jpg 391 100 455 146
0709.jpg 261 244 295 290
0710.jpg 321 215 477 323
0711.jpg 230 35 336 125
0712.jpg 68 146 162 227
0713.jpg 347 186 420 242
0714.jpg 46 238 135 325
0715.jpg 44 123 87 169
0716.jpg 80 140 146 203
0717.jpg 196 277 250 341
0718.jpg 20 109 124 207
0719.jpg 302 311 351 357
0720.jpg 309 2 389 84
0721.jpg 247 218 348 290
0722.jpg 371 168 456 266
0723.jpg 14 173 144 262
0724.jpg 261 239 347 321
0725.jpg 27 79 90 150
0726.jpg 274 300 323 346
0727.jpg 369 102 424 148
0728.jpg 242 230 284 285
0729.jpg 24 217 118 298
0730.jpg 371 38 413 93
0731.jpg 63 112 108 172
0732.jpg 6 189 153 317
0733.jpg 33 161 81 225
0734.jpg 22 86 146 234
0735.jpg 195 230 295 359
0736.jpg 243 217 371 346
0737.jpg 233 38 306 94
0738.jpg 69 31 137 113
0739.jpg 1 275 55 339
0740.jpg 65 239 129 285
0741.jpg 318 71 346 107
0742.jpg 366 58 446 140
0743.jpg 178 219 313 346
0744.jpg 386 39 472 121
0745.jpg 336 213 398 269
0746.jpg 346 30 414 112
0747.jpg 367 167 441 251
0748.jpg 47 55 167 184
0749.jpg 63 96 133 185
0750.jpg 33 227 119 309
0751.jpg 73 1 151 58
0752.jpg 256 195 471 343
0753.jpg 337 95 453 206
0754.jpg 263 177 339 244
0755.jpg 246 9 331 81
0756.jpg 339 42 433 123
0757.jpg 35 91 142 239
0758.jpg 309 214 351 269
0759.jpg 388 120 424 156
0760.jpg 141 163 235 244
0761.jpg 282 210 417 337
0762.jpg 400 261 473 325
0763.jpg 0 74 49 120
0764.jpg 313 182 469 290
0765.jpg 370 258 418 294
0766.jpg 305 99 460 215
0767.jpg 375 134 455 224
0768.jpg 121 253 166 313
0769.jpg 20 232 112 298
0770.jpg 226 201 349 317
0771.jpg 157 26 231 124
0772.jpg 113 5 167 69
0773.jpg 381 103 472 215
0774.jpg 6 240 104 349
0775.jpg 96 98 196 227
0776.jpg 22 217 98 284
0777.jpg 33 60 154 166
0778.jpg 20 222 120 351
0779.jpg 338 233 386 297
0780.jpg 344 149 398 213
0781.jpg 13 209 148 336
0782.jpg 399 39 447 75
0783.jpg 26 74 149 190
0784.jpg 289 14 348 83
0785.jpg 378 34 448 105
0786.jpg 382 110 479 201
0787.jpg 163 17 211 53
0788.jpg 212 8 261 54
0789.jpg 69 135 117 199
0790.jpg 44 120 93 166
0791.jpg 79 227 183 325
0792.jpg 12 246 60 310
0793.jpg 278 65 363 163
0794.jpg 278 37 344 100
0795.jpg 102 261 223 349
0796.jpg 11 65 117 155
0797.jpg 355 94 403 130
0798.jpg 3 105 61 167
0799.jpg 372 2 436 48
0800.jpg 162 228 238 335
0801.jpg 56 1 110 65
0802.jpg 36 208 142 298
0803.jpg 212 253 292 335
0804.jpg 353 147 453 276
0805.jpg 115 222 216 294
0806.jpg 98 212 192 293
0807.jpg 83 196 240 344
0808.jpg 53 234 176 350
0809.jpg 372 147 478 237
0810.jpg 297 245 349 316
0811.jpg 288 240 411 356
0812.jpg 127 251 224 342
0813.jpg 416 90 467 146
0814.jpg 314 246 399 354
0815.jpg 264 53 330 116
0816.jpg 195 292 231 328
0817.jpg 364 135 440 242
0818.jpg 375 148 479 246
0819.jpg 285 212 389 310
0820.jpg 217 181 269 252
0821.jpg 74 242 169 340
0822.jpg 33 96 97 185
0823.jpg 311 224 434 340
0824.jpg 259 232 339 314
0825.jpg 6 178 65 247
0826.jpg 309 233 401 299
0827.jpg 281 253 376 351
0828.jpg 179 15 243 104
0829.jpg 284 236 385 322
0830.jpg 116 117 165 163
0831.jpg 379 18 407 54
0832.jpg 352 206 437 304
0833.jpg 181 131 220 177
0834.jpg 254 3 345 115
0835.jpg 6 169 153 297
0836.jpg 262 41 356 122
0837.jpg 350 230 414 319
0838.jpg 269 231 361 359
0839.jpg 188 268 224 304
0840.jpg 106 11 262 119
0841.jpg 11 21 155 129
0842.jpg 320 225 382 281
0843.jpg 172 256 273 328
0844.jpg 371 10 464 116
0845.jpg 1 271 86 343
0846.jpg 327 165 443 276
0847.jpg 402 119 445 165
0848.jpg 324 230 408 346
0849.jpg 306 240 429 356
0850.jpg 13 190 145 288
0851.jpg 163 27 236 83
0852.jpg 254 235 299 295
0853.jpg 374 2 429 48
0854.jpg 245 25 337 91
0855.jpg 225 254 314 341
0856.jpg 232 248 364 346
0857.jpg 233 232 317 348
0858.jpg 123 240 239 351
0859.jpg 3 174 104 260
0860.jpg 64 218 191 327
0861.jpg 318 36 407 123
0862.jpg 35 161 179 269
0863.jpg 340 284 368 320
0864.jpg 359 188 473 286
0865.jpg 300 4 414 132
0866.jpg 224 276 325 348
0867.jpg 56 50 135 121
0868.jpg 301 169 436 296
0869.jpg 158 10 274 121
0870.jpg 344 19 438 100
0871.jpg 98 56 182 172
0872.jpg 83 166 111 202
0873.jpg 276 82 367 194
0874.jpg 27 186 135 314
0875.jpg 46 198 116 269
0876.jpg 248 37 390 135
0877.jpg 189 37 240 93
0878.jpg 67 185 103 221
0879.jpg 152 310 180 346
0880.jpg 103 203 236 317
0881.jpg 11 188 87 255
0882.jpg 16 98 132 180
0883.jpg 37 129 88 185
0884.jpg 362 178 405 224
0885.jpg 311 12 455 120
0886.jpg 374 241 432 303
0887.jpg 56 5 126 94
0888.jpg 272 240 342 329
0889.jpg 42 57 97 103
0890.jpg 356 229 456 358
0891.jpg 305 229 409 327
0892.jpg 182 25 312 114
0893.jpg 290 4 370 94
0894.jpg 395 292 446 348
0895.jpg 296 24 332 60
0896.jpg 13 239 58 299
0897.jpg 341 245 405 291
0898.jpg 46 39 116 128
0899.jpg 382 261 427 321
0900.jpg 274 253 353 324
0901.jpg 104 313 132 349
0902.jpg 26 127 92 190
0903.jpg 2 251 47 311
0904.jpg 373 113 443 184
0905.jpg 60 182 108 218
0906.jpg 89 31 230 147
0907.jpg 200 82 243 128
0908.jpg 330 284 431 356
0909.jpg 401 167 446 227
0910.jpg 294 98 333 144
0911.jpg 46 49 110 138
0912.jpg 351 124 431 214
0913.jpg 121 45 163 100
0914.jpg 36 3 97 85
0915.jpg 342 299 420 356
0916.jpg 107 4 249 102
0917.jpg 15 181 107 247
0918.jpg 268 199 296 235
0919.jpg 104 33 243 163
0920.jpg 303 31 379 98
0921.jpg 163 237 247 353
0922.jpg 360 100 455 198
0923.jpg 192 224 265 288
0924.jpg 375 196 423 232
0925.jpg 397 171 473 278
0926.jpg 371 135 463 263
0927.jpg 150 57 230 147
0928.jpg 50 155 126 222
0929.jpg 27 301 105 358
0930.jpg 96 4 294 152
0931.jpg 64 177 142 234
0932.jpg 202 20 309 136
0933.jpg 29 130 108 201
0934.jpg 122 264 214 330
0935.jpg 281 218 320 264
0936.jpg 234 14 300 77
0937.jpg 266 187 410 295
0938.jpg 165 194 285 323
0939.jpg 0 272 45 332
0940.jpg 12 224 126 322
0941.jpg 283 136 468 263
0942.jpg 19 33 99 115
0943.jpg 366 238 470 346
0944.jpg 12 144 111 260
0945.jpg 111 178 196 250
0946.jpg 397 252 425 288
0947.jpg 80 1 192 108
0948.jpg 85 1 137 72
0949.jpg 122 60 177 106
0950.jpg 348 233 471 349
0951.jpg 338 159 404 222
0952.jpg 0 98 139 228
0953.jpg 29 87 137 215
0954.jpg 117 253 178 335
0955.jpg 235 131 277 186
0956.jpg 166 290 228 346
0957.jpg 321 0 357 36
0958.jpg 356 54 463 202
0959.jpg 322 73 455 187
0960.jpg 324 133 416 261
0961.jpg 394 156 453 225
0962.jpg 330 152 463 266
0963.jpg 342 191 427 263
0964.jpg 130 173 194 219
0965.jpg 302 205 386 321
0966.jpg 32 155 111 226
0967.jpg 349 203 466 351
0968.jpg 64 193 140 260
0969.jpg 48 16 128 98
0970.jpg 327 258 376 304
0971.jpg 310 172 414 280
0972.jpg 196 262 297 334
0973.jpg 46 240 120 324
0974.jpg 351 277 424 341
0975.jpg 267 203 364 294
0976.jpg 273 202 390 350
0977.jpg 288 164 412 312
0978.jpg 143 229 195 300
0979.jpg 41 279 105 325
0980.jpg 44 265 92 301
0981.jpg 334 5 440 95
0982.jpg 378 54 412 100
0983.jpg 3 69 201 217
0984.jpg 29 18 157 147
0985.jpg 23 125 117 206
0986.jpg 62 56 136 154
0987.jpg 69 188 177 316
0988.jpg 182 229 273 341
0989.jpg 377 182 462 254
0990.jpg 354 77 468 205
0991.jpg 365 289 441 356
0992.jpg 50 81 147 172
0993.jpg 357 282 406 328
0994.jpg 51 13 158 161
0995.jpg 365 84 477 191
0996.jpg 10 148 145 275
0997.jpg 379 18 430 74
0998.jpg 130 238 225 324
0999.jpg 353 245 446 351
1000.jpg 87 134 129 189
0001.jpg 208 209 266 271
0002.jpg 149 201 255 291
0003.jpg 277 215 416 345
0004.jpg 44 198 98 262
0005.jpg 360 163 445 235
0006.jpg 397 96 473 163
0007.jpg 258 191 336 248
0008.jpg 42 193 94 264
0009.jpg 127 22 213 104
0010.jpg 61 36 177 118
0011.jpg 373 85 465 151
0012.jpg 293 276 379 358
0013.jpg 335 20 369 66
0014.jpg 348 7 421 71
0015.jpg 10 123 102 189
0016.jpg 18 211 151 325
0017.jpg 4 72 67 143
0018.jpg 322 282 361 328
0019.jpg 30 212 81 268
0020.jpg 424 88 478 152
0021.jpg 407 203 452 263
0022.jpg 294 16 367 80
0023.jpg 439 33 475 69
0024.jpg 58 302 113 348
0025.jpg 342 253 385 299
0026.jpg 200 234 262 290
0027.jpg 271 12 333 68
0028.jpg 276 173 457 321
0029.jpg 298 283 377 354
0030.jpg 388 104 416 140
0031.jpg 358 92 462 200
0032.jpg 13 209 64 265
0033.jpg 10 20 49 66
0034.jpg 366 62 467 134
0035.jpg 222 200 306 263
0036.jpg 353 127 454 199
0037.jpg 44 242 124 324
0038.jpg 98 227 233 354
0039.jpg 145 280 246 352
0040.jpg 44 31 80 67
0041.jpg 90 292 141 348
0042.jpg 14 23 118 131
0043.jpg 211 14 245 60
0044.jpg 86 45 180 126
0045.jpg 195 37 231 73
0046.jpg 132 293 196 339
0047.jpg 421 186 460 232
0048.jpg 316 21 382 84
0049.jpg 298 90 371 154
0050.jpg 117 186 273 294
0051.jpg 82 180 198 291
0052.jpg 35 169 216 317
0053.jpg 325 232 367 287
0054.jpg 210 49 276 112
0055.jpg 23 73 137 201
0056.jpg 6 78 55 124
0057.jpg 234 236 327 342
0058.jpg 266 222 382 304
0059.jpg 214 173 287 237
0060.jpg 136 238 212 345
0061.jpg 379 4 453 88
0062.jpg 412 242 455 288
0063.jpg 372 13 442 84
0064.jpg 343 209 413 280
0065.jpg 26 136 115 223
0066.jpg 351 207 448 298
0067.jpg 397 79 476 150
0068.jpg 411 263 439 299
0069.jpg 5 84 48 130
0070.jpg 394 124 457 195
0071.jpg 188 35 264 142
0072.jpg 175 14 234 83
0073.jpg 179 44 291 151
0074.jpg 297 223 468 350
0075.jpg 108 258 153 318
0076.jpg 123 192 181 254
0077.jpg 31 240 135 348
0078.jpg 153 270 226 326
0079.jpg 91 30 136 90
0080.jpg 404 256 459 302
0081.jpg 241 70 280 116
0082.jpg 248 78 310 134
0083.jpg 254 26 332 83
0084.jpg 268 224 296 260
0085.jpg 265 232 351 314
0086.jpg 273 196 380 312
0087.jpg 282 216 402 345
0088.jpg 282 297 355 353
0089.jpg 401 5 463 61
0090.jpg 277 154 377 283
0091.jpg 214 19 269 65
0092.jpg 121 204 182 286
0093.jpg 9 247 153 355
0094.jpg 340 109 398 171
0095.jpg 31 131 122 243
0096.jpg 375 216 430 262
0097.jpg 332 142 416 205
0098.jpg 370 122 454 185
0099.jpg 300 6 374 104
0100.jpg 326 153 443 301
0101.jpg 0 228 106 318
0102.jpg 347 179 468 267
0103.jpg 326 215 426 344
0104.jpg 221 3 307 85
0105.jpg 322 141 438 252
0106.jpg 124 65 202 122
0107.jpg 45 56 121 123
0108.jpg 49 10 97 74
0109.jpg 69 210 139 299
0110.jpg 216 232 278 288
0111.jpg 365 189 457 317
0112.jpg 329 26 402 90
0113.jpg 222 227 306 290
0114.jpg 194 12 257 83
0115.jpg 313 20 361 56
0116.jpg 33 242 174 358
0117.jpg 231 270 325 351
0118.jpg 183 10 297 108
0119.jpg 272 158 419 286
0120.jpg 46 148 158 255
0121.jpg 74 173 144 244
0122.jpg 304 84 372 166
0123.jpg 207 274 287 356
0124.jpg 3 268 79 335
0125.jpg 62 152 138 219
0126.jpg 12 190 105 296
0127.jpg 40 159 175 286
0128.jpg 258 37 303 97
0129.jpg 44 14 114 85
0130.jpg 57 31 135 88
0131.jpg 77 214 198 320
0132.jpg 46 8 160 136
0133.jpg 391 108 476 206
0134.jpg 75 81 174 197
0135.jpg 155 165 253 274
0136.jpg 330 64 375 124
0137.jpg 9 95 130 183
0138.jpg 399 47 472 103
0139.jpg 18 94 82 183
0140.jpg 45 13 93 49
0141.jpg 291 160 386 246
0142.jpg 44 164 123 235
0143.jpg 281 182 437 311
0144.jpg 120 2 318 150
0145.jpg 335 244 424 331
0146.jpg 118 52 173 98
0147.jpg 320 96 437 244
0148.jpg 370 50 477 166
0149.jpg 135 208 211 315
0150.jpg 312 200 407 298
0151.jpg 384 266 450 329
0152.jpg 56 261 104 325
0153.jpg 153 258 212 327
0154.jpg 384 50 454 121
0155.jpg 12 228 133 334
0156.jpg 47 226 168 314
0157.jpg 251 24 325 108
0158.jpg 274 61 363 148
0159.jpg 359 46 408 92
0160.jpg 64 98 126 154
0161.jpg 5 11 33 47
0162.jpg 334 6 413 77
0163.jpg 193 22 272 93
0164.jpg 344 229 402 291
0165.jpg 40 180 124 243
0166.jpg 354 240 455 326
0167.jpg 139 25 237 134
0168.jpg 330 214 446 325
0169.jpg 328 96 448 225
0170.jpg 83 234 224 350
0171.jpg 410 31 468 93
0172.jpg 34 20 119 118
0173.jpg 90 173 214 321
0174.jpg 41 190 80 236
0175.jpg 318 47 419 119
0176.jpg 56 173 155 289
0177.jpg 58 188 150 316
0178.jpg 201 190 285 306
0179.jpg 148 213 187 259
0180.jpg 47 190 148 262
0181.jpg 157 216 246 303
0182.jpg 361 12 397 48
0183.jpg 45 275 118 339
0184.jpg 61 281 120 350
0185.jpg 326 223 424 332
0186.jpg 242 193 349 309
0187.jpg 5 61 79 145
0188.jpg 169 249 248 320
0189.jpg 415 283 467 354
0190.jpg 30 44 127 135
0191.jpg 293 248 414 336
0192.jpg 384 175 469 247
0193.jpg 376 236 460 299
0194.jpg 55 98 103 162
0195.jpg 345 23 430 121
0196.jpg 319 254 416 345
0197.jpg 421 161 473 232
0198.jpg 373 251 447 349
0199.jpg 173 285 251 342
0200.jpg 290 267 366 334
0201.jpg 43 100 92 146
0202.jpg 6 117 103 208
0203.jpg 427 258 455 294
0204.jpg 105 157 167 213
0205.jpg 78 24 127 70
0206.jpg 306 233 372 296
0207.jpg 73 154 158 226
0208.jpg 323 106 427 214
0209.jpg 257 75 296 121
0210.jpg 101 175 208 323
0211.jpg 326 245 405 316
0212.jpg 300 226 354 290
0213.jpg 53 197 138 305
0214.jpg 208 275 253 335
0215.jpg 22 131 65 177
0216.jpg 7 217 59 288
0217.jpg 366 38 440 136
0218.jpg 294 68 342 104
0219.jpg 226 217 321 303
0220.jpg 340 249 434 330
0221.jpg 121 259 169 323
0222.jpg 89 194 167 251
0223.jpg 370 98 459 185
0224.jpg 355 71 465 153
0225.jpg 83 248 138 294
0226.jpg 341 262 409 344
0227.jpg 325 209 458 323
0228.jpg 210 206 400 337
0229.jpg 171 264 207 300
0230.jpg 309 307 364 353
0231.jpg 102 217 278 348
0232.jpg 43 312 98 358
0233.jpg 54 257 124 328
0234.jpg 47 30 168 136
0235.jpg 95 215 180 287
0236.jpg 404 165 468 254
0237.jpg 163 8 284 114
0238.jpg 43 197 159 308
0239.jpg 38 262 100 318
0240.jpg 11 268 45 314
0241.jpg 119 215 195 282
0242.jpg 84 164 132 228
0243.jpg 155 288 206 344
0244.jpg 393 117 444 173
0245.jpg 381 67 472 179
0246.jpg 173 18 216 64
0247.jpg 98 234 214 345
0248.jpg 344 250 428 313
0249.jpg 211 254 297 336
0250.jpg 138 41 202 87
0251.jpg 60 148 96 184
0252.jpg 31 89 130 205
0253.jpg 316 153 371 199
0254.jpg 0 8 80 90
0255.jpg 233 271 269 307
0256.jpg 26 39 125 155
0257.jpg 4 97 111 213
0258.jpg 265 284 344 355
0259.jpg 354 211 403 257
0260.jpg 122 285 214 351
0261.jpg 14 171 42 207
0262.jpg 53 44 153 173
0263.jpg 79 8 149 97
0264.jpg 274 285 329 331
0265.jpg 242 271 287 331
0266.jpg 43 192 82 238
0267.jpg 309 298 337 334
0268.jpg 17 20 75 82
0269.jpg 304 249 436 347
0270.jpg 121 246 191 317
0271.jpg 83 17 167 80
0272.jpg 217 271 278 353
0273.jpg 74 17 206 115
0274.jpg 17 132 102 204
0275.jpg 5 276 33 312
0276.jpg 21 194 91 265
0277.jpg 242 22 304 78
0278.jpg 430 246 479 292
0279.jpg 15 274 83 356
0280.jpg 303 52 388 124
0281.jpg 164 29 240 96
0282.jpg 348 77 384 113
0283.jpg 148 259 210 315
0284.jpg 0 157 58 219
0285.jpg 277 1 405 130
0286.jpg 189 29 253 75
0287.jpg 161 208 284 324
0288.jpg 127 160 226 276
0289.jpg 70 141 150 223
0290.jpg 162 293 226 339
0291.jpg 166 297 211 357
0292.jpg 85 143 180 229
0293.jpg 166 198 261 284
0294.jpg 343 209 473 298
0295.jpg 59 248 129 337
0296.jpg 204 32 259 78
0297.jpg 272 157 336 246
0298.jpg 14 169 111 260
0299.jpg 182 273 227 333
0300.jpg 27 234 76 280
0301.jpg 16 25 92 92
0302.jpg 344 150 392 186
0303.jpg 199 287 253 351
0304.jpg 206 4 312 94
0305.jpg 5 112 122 260
0306.jpg 206 230 391 357
0307.jpg 142 142 231 229
0308.jpg 68 140 148 222
0309.jpg 33 176 209 307
0310.jpg 316 20 411 106
0311.jpg 258 305 322 351
0312.jpg 264 229 449 356
0313.jpg 181 83 224 129
0314.jpg 349 233 403 297
0315.jpg 288 100 402 228
0316.jpg 27 120 66 166
0317.jpg 186 31 265 102
0318.jpg 142 210 196 274
0319.jpg 378 297 429 353
0320.jpg 13 165 58 225
0321.jpg 31 26 115 89
0322.jpg 102 188 187 260
0323.jpg 305 148 347 203
0324.jpg 127 298 166 344
0325.jpg 62 259 136 357
0326.jpg 353 201 415 257
0327.jpg 294 12 424 101
0328.jpg 20 42 155 190
0329.jpg 24 200 67 246
0330.jpg 276 239 324 275
0331.jpg 312 156 456 264
0332.jpg 369 139 468 255
0333.jpg 210 196 304 277
0334.jpg 65 186 195 334
0335.jpg 333 316 361 352
0336.jpg 165 5 312 133
0337.jpg 105 215 194 302
0338.jpg 208 10 305 101
0339.jpg 311 13 415 111
0340.jpg 213 36 258 96
0341.jpg 177 64 211 110
0342.jpg 284 32 329 92
0343.jpg 188 277 251 348
0344.jpg 259 163 317 225
0345.jpg 174 296 216 351
0346.jpg 143 87 222 158
0347.jpg 162 49 294 147
0348.jpg 21 17 154 131
0349.jpg 54 248 96 303
0350.jpg 78 89 167 176
0351.jpg 194 300 242 336
0352.jpg 206 3 255 49
0353.jpg 1 154 86 226
0354.jpg 328 227 469 343
0355.jpg 30 101 69 147
0356.jpg 54 185 138 248
0357.jpg 26 170 77 226
0358.jpg 127 190 235 318
0359.jpg 86 6 149 77
0360.jpg 236 166 366 314
0361.jpg 323 34 351 70
0362.jpg 284 16 360 123
0363.jpg 241 172 357 283
0364.jpg 315 132 456 248
0365.jpg 7 76 121 174
0366.jpg 105 288 181 355
0367.jpg 73 176 115 231
0368.jpg 52 276 153 348
0369.jpg 179 197 295 279
0370.jpg 251 270 337 352
0371.jpg 417 95 456 141
0372.jpg 272 237 356 353
0373.jpg 23 238 121 347
0374.jpg 12 277 76 323
0375.jpg 29 262 150 350
0376.jpg 355 231 410 277
0377.jpg 74 2 159 110
0378.jpg 347 9 411 98
0379.jpg 134 82 220 164
0380.jpg 50 269 145 355
0381.jpg 232 312 268 348
0382.jpg 101 32 257 140
0383.jpg 288 67 354 130
0384.jpg 120 254 206 336
0385.jpg 90 267 133 313
0386.jpg 349 230 449 359
0387.jpg 217 0 338 106
0388.jpg 304 262 399 348
0389.jpg 383 156 468 228
0390.jpg 311 67 359 103
0391.jpg 334 197 448 295
0392.jpg 215 74 343 203
0393.jpg 200 99 284 215
0394.jpg 279 88 355 155
0395.jpg 265 39 345 129
0396.jpg 114 179 177 250
0397.jpg 95 221 205 303
0398.jpg 331 172 477 320
0399.jpg 145 207 280 355
0400.jpg 83 9 146 80
0401.jpg 312 164 416 262
0402.jpg 161 230 277 312
0403.jpg 190 226 345 342
0404.jpg 248 179 316 261
0405.jpg 4 66 128 214
0406.jpg 197 247 292 345
0407.jpg 433 268 475 323
0408.jpg 31 73 104 129
0409.jpg 9 187 121 294
0410.jpg 55 108 128 172
0411.jpg 23 113 85 169
0412.jpg 1 219 122 325
0413.jpg 183 61 247 107
0414.jpg 301 263 385 326
0415.jpg 32 149 139 297
0416.jpg 231 47 285 111
0417.jpg 193 228 294 314
0418.jpg 412 270 455 316
0419.jpg 239 264 287 328
0420.jpg 343 258 428 330
0421.jpg 271 213 335 302
0422.jpg 25 97 142 245
0423.jpg 37 67 138 139
0424.jpg 390 163 464 247
0425.jpg 58 219 143 317
0426.jpg 367 108 462 206
0427.jpg 351 117 417 180
0428.jpg 139 11 201 67
0429.jpg 306 33 462 141
0430.jpg 227 247 318 359
0431.jpg 347 2 468 90
0432.jpg 130 290 181 346
0433.jpg 114 235 244 324
0434.jpg 171 252 223 323
0435.jpg 107 270 185 327
0436.jpg 405 109 471 172
0437.jpg 76 143 160 206
0438.jpg 357 94 412 140
0439.jpg 124 247 268 355
0440.jpg 223 136 265 191
0441.jpg 368 197 448 279
0442.jpg 379 310 422 356
0443.jpg 358 41 466 169
0444.jpg 10 17 105 115
0445.jpg 277 1 336 70
0446.jpg 450 32 478 68
0447.jpg 56 26 172 108
0448.jpg 243 223 291 259
0449.jpg 280 240 403 356
0450.jpg 94 3 167 59
0451.jpg 383 98 475 164
0452.jpg 371 132 439 214
0453.jpg 101 164 146 224
0454.jpg 69 222 137 304
0455.jpg 174 226 223 272
0456.jpg 302 261 363 343
0457.jpg 60 87 105 147
0458.jpg 322 90 374 161
0459.jpg 127 49 188 131
0460.jpg 28 29 144 111
0461.jpg 342 270 415 326
0462.jpg 28 107 83 153
0463.jpg 38 82 165 191
0464.jpg 268 192 466 340
0465.jpg 13 84 143 232
0466.jpg 202 241 306 349
0467.jpg 41 45 151 127
0468.jpg 311 171 412 257
0469.jpg 179 1 265 83
0470.jpg 380 48 450 119
0471.jpg 12 73 92 155
0472.jpg 224 241 275 297
0473.jpg 316 215 411 313
0474.jpg 117 34 171 98
0475.jpg 297 7 356 76
0476.jpg 40 102 157 250
0477.jpg 114 217 178 263
0478.jpg 77 27 204 136
0479.jpg 171 53 245 151
0480.jpg 145 183 301 312
0481.jpg 412 77 463 133
0482.jpg 386 146 462 213
0483.jpg 223 212 344 318
0484.jpg 16 92 151 219
0485.jpg 72 146 179 294
0486.jpg 94 133 193 249
0487.jpg 91 52 262 179
0488.jpg 212 161 305 267
0489.jpg 59 114 173 212
0490.jpg 126 169 211 267
0491.jpg 4 99 134 188
0492.jpg 393 140 436 186
0493.jpg 246 208 335 295
0494.jpg 201 257 298 348
0495.jpg 199 262 269 351
0496.jpg 349 275 443 356
0497.jpg 10 46 114 144
0498.jpg 362 130 420 192
0499.jpg 312 165 468 294
0500.jpg 28 0 98 89
0501.jpg 320 44 444 192
0502.jpg 327 4 389 60
0503.jpg 221 160 365 268
0504.jpg 410 320 458 356
0505.jpg 406 306 442 342
0506.jpg 38 130 101 201
0507.jpg 126 182 171 242
0508.jpg 344 265 392 329
0509.jpg 203 226 245 281
0510.jpg 340 122 440 251
0511.jpg 102 183 212 265
0512.jpg 13 157 136 273
0513.jpg 101 182 228 291
0514.jpg 106 227 198 293
0515.jpg 202 140 276 224
0516.jpg 82 267 183 353
0517.jpg 71 40 130 109
0518.jpg 243 23 335 89
0519.jpg 81 256 154 320
0520.jpg 15 213 91 280
0521.jpg 256 268 311 314
0522.jpg 0 272 42 327
0523.jpg 307 239 383 306
0524.jpg 94 163 233 293
0525.jpg 53 132 137 248
0526.jpg 111 261 165 325
0527.jpg 259 4 382 120
0528.jpg 365 185 427 241
0529.jpg 335 52 459 200
0530.jpg 421 238 455 284
0531.jpg 63 29 114 85
0532.jpg 17 229 81 275
0533.jpg 156 33 219 104
0534.jpg 224 212 344 341
0535.jpg 124 199 339 347
0536.jpg 231 268 295 314
0537.jpg 29 69 74 129
0538.jpg 259 258 314 304
0539.jpg 92 262 202 344
0540.jpg 428 179 476 215
0541.jpg 249 305 277 341
0542.jpg 15 32 85 121
0543.jpg 80 266 150 355
0544.jpg 15 134 79 223
0545.jpg 45 255 73 291
0546.jpg 67 239 131 328
0547.jpg 4 98 98 179
0548.jpg 369 198 397 234
0549.jpg 51 282 93 337
0550.jpg 358 130 443 202
0551.jpg 186 236 245 305
0552.jpg 324 112 392 194
0553.jpg 3 19 62 88
0554.jpg 3 258 88 330
0555.jpg 380 284 459 355
0556.jpg 271 217 356 315
0557.jpg 211 265 289 322
0558.jpg 339 172 425 254
0559.jpg 253 294 315 350
0560.jpg 157 256 278 344
0561.jpg 72 45 121 91
0562.jpg 361 110 468 258
0563.jpg 81 45 126 105
0564.jpg 386 61 414 97
0565.jpg 377 221 443 284
0566.jpg 80 230 178 339
0567.jpg 430 41 478 105
0568.jpg 425 152 473 216
0569.jpg 184 308 248 354
0570.jpg 285 21 321 57
0571.jpg 68 73 102 119
0572.jpg 25 256 89 302
0573.jpg 380 87 479 203
0574.jpg 124 45 225 117
0575.jpg 360 174 399 220
0576.jpg 380 263 444 352
0577.jpg 271 267 365 348
0578.jpg 218 39 266 103
0579.jpg 301 259 415 357
0580.jpg 8 3 115 151
0581.jpg 408 58 453 118
0582.jpg 16 225 111 323
0583.jpg 337 182 432 268
0584.jpg 129 191 218 278
0585.jpg 357 243 402 303
0586.jpg 48 9 175 118
0587.jpg 293 225 432 355
0588.jpg 1 31 90 118
0589.jpg 185 4 265 94
0590.jpg 296 33 358 89
0591.jpg 21 18 131 100
0592.jpg 216 210 284 292
0593.jpg 35 249 114 320
0594.jpg 147 7 206 76
0595.jpg 66 221 167 293
0596.jpg 314 209 421 357
0597.jpg 277 267 350 331
0598.jpg 152 237 200 273
0599.jpg 41 77 77 113
0600.jpg 134 229 176 284
0601.jpg 73 137 143 208
0602.jpg 69 220 211 318
0603.jpg 172 254 235 325
0604.jpg 149 66 225 133
0605.jpg 19 71 131 178
0606.jpg 21 94 116 180
0607.jpg 390 0 466 67
0608.jpg 331 239 461 328
0609.jpg 39 51 147 179
0610.jpg 374 2 453 73
0611.jpg 127 117 179 188
0612.jpg 223 18 271 54
0613.jpg 129 37 213 153
0614.jpg 266 249 344 306
0615.jpg 394 172 422 208
0616.jpg 21 296 57 332
0617.jpg 406 1 470 90
0618.jpg 428 155 476 191
0619.jpg 147 140 190 186
0620.jpg 122 147 170 183
0621.jpg 350 226 430 316
0622.jpg 66 35 187 141
0623.jpg 110 137 152 192
0624.jpg 362 119 479 267
0625.jpg 250 219 360 301
0626.jpg 323 291 399 358
0627.jpg 364 61 462 170
0628.jpg 335 174 411 281
0629.jpg 122 262 188 325
0630.jpg 393 234 436 280
0631.jpg 55 97 159 195
0632.jpg 185 290 240 336
0633.jpg 6 139 69 210
0634.jpg 23 29 199 160
0635.jpg 103 94 210 242
0636.jpg 397 87 440 133
0637.jpg 17 179 124 295
0638.jpg 210 175 317 291
0639.jpg 2 145 88 227
0640.jpg 234 13 297 84
0641.jpg 206 241 276 330
0642.jpg 75 192 208 306
0643.jpg 334 250 448 348
0644.jpg 54 140 132 197
0645.jpg 102 200 138 236
0646.jpg 235 185 351 296
0647.jpg 43 115 119 222
0648.jpg 175 274 227 345
0649.jpg 177 195 309 293
0650.jpg 107 17 191 80
0651.jpg 203 219 347 327
0652.jpg 147 261 211 307
0653.jpg 118 211 219 297
0654.jpg 53 91 89 127
0655.jpg 32 271 66 317
0656.jpg 8 181 44 217
0657.jpg 225 302 280 348
0658.jpg 40 219 68 255
0659.jpg 101 308 135 354
0660.jpg 337 84 401 173
0661.jpg 134 30 276 128
0662.jpg 353 251 426 307
0663.jpg 192 278 258 341
0664.jpg 107 310 146 356
0665.jpg 57 144 100 190
0666.jpg 4 1 174 149
0667.jpg 180 77 244 123
0668.jpg 66 2 165 118
0669.jpg 49 27 98 73
0670.jpg 296 321 324 357
0671.jpg 332 33 396 79
0672.jpg 38 2 111 66
0673.jpg 199 207 273 291
0674.jpg 282 253 355 317
0675.jpg 358 227 438 309
0676.jpg 126 202 272 350
0677.jpg 192 177 283 289
0678.jpg 10 194 107 285
0679.jpg 15 159 162 287
0680.jpg 51 219 151 348
0681.jpg 261 196 360 312
0682.jpg 5 234 117 341
0683.jpg 238 16 368 105
0684.jpg 105 214 235 303
0685.jpg 207 318 255 354
0686.jpg 43 10 173 158
0687.jpg 95 10 199 108
0688.jpg 236 15 285 61
0689.jpg 211 31 317 121
0690.jpg 189 201 316 310
0691.jpg 10 294 52 349
0692.jpg 133 249 254 355
0693.jpg 373 61 428 107
0694.jpg 258 3 334 110
0695.jpg 28 77 79 133
0696.jpg 170 278 243 334
0697.jpg 99 210 241 308
0698.jpg 310 283 388 340
0699.jpg 286 72 347 154
0700.jpg 86 258 137 314
0701.jpg 389 239 465 346
0702.jpg 19 154 116 245
0703.jpg 280 65 373 171
0704.jpg 58 248 174 359
0705.jpg 222 217 412 348
0706.jpg 384 238 446 294
0707.jpg 65 185 177 292
0708.jpg 29 48 120 160
0709.jpg 69 196 216 324
0710.jpg 182 249 312 338
0711.jpg 42 72 199 220
0712.jpg 31 66 154 182
0713.jpg 141 139 245 247
0714.jpg 94 210 137 256
0715.jpg 101 50 175 134
0716.jpg 104 118 177 182
0717.jpg 50 189 221 316
0718.jpg 195 183 259 229
0719.jpg 234 227 362 356
0720.jpg 226 230 359 344
0721.jpg 297 191 381 254
0722.jpg 233 194 349 276
0723.jpg 250 252 336 334
0724.jpg 13 84 120 232
0725.jpg 206 231 290 294
0726.jpg 110 165 257 293
0727.jpg 71 151 120 197
0728.jpg 82 220 146 309
0729.jpg 25 133 61 169
0730.jpg 156 5 204 41
0731.jpg 374 25 438 71
0732.jpg 444 65 472 101
0733.jpg 158 29 234 96
0734.jpg 17 171 123 261
0735.jpg 94 267 167 323
0736.jpg 142 1 206 47
0737.jpg 332 27 380 91
0738.jpg 49 156 133 219
0739.jpg 364 34 400 70
0740.jpg 223 264 318 350
0741.jpg 28 32 158 121
0742.jpg 373 118 415 173
0743.jpg 125 284 173 320
0744.jpg 376 242 470 323
0745.jpg 333 210 378 270
0746.jpg 58 293 116 355
0747.jpg 299 191 384 299
0748.jpg 297 131 452 247
0749.jpg 358 64 472 162
0750.jpg 163 245 212 291
0751.jpg 275 172 451 303
0752.jpg 21 200 106 308
0753.jpg 291 91 459 207
0754.jpg 156 183 263 331
0755.jpg 264 185 340 252
0756.jpg 82 179 136 243
0757.jpg 27 87 86 156
0758.jpg 110 231 216 321
0759.jpg 194 255 267 319
0760.jpg 278 189 399 295
0761.jpg 301 9 385 125
0762.jpg 55 62 162 178
0763.jpg 5 92 69 181
0764.jpg 284 107 460 238
0765.jpg 198 193 353 309
0766.jpg 15 198 185 346
0767.jpg 335 137 390 183
0768.jpg 48 18 124 125
0769.jpg 282 206 386 304
0770.jpg 281 186 351 257
0771.jpg 16 120 124 248
0772.jpg 24 232 102 289
0773.jpg 51 111 172 199
0774.jpg 23 69 144 157
0775.jpg 50 82 157 230
0776.jpg 219 8 280 90
0777.jpg 404 207 474 296
0778.jpg 279 2 363 118
0779.jpg 264 203 361 294
0780.jpg 70 224 104 270
0781.jpg 122 268 150 304
0782.jpg 123 130 177 194
0783.jpg 17 174 91 272
0784.jpg 5 296 50 356
0785.jpg 15 221 143 350
0786.jpg 270 10 309 56
0787.jpg 26 109 118 237
0788.jpg 8 194 135 303
0789.jpg 43 247 141 356
0790.jpg 399 95 479 177
0791.jpg 295 16 395 145
0792.jpg 214 242 277 313
0793.jpg 15 262 107 328
0794.jpg 329 89 374 149
0795.jpg 363 98 467 196
0796.jpg 137 29 196 98
0797.jpg 317 24 444 133
0798.jpg 3 178 124 266
0799.jpg 443 58 477 104
0800.jpg 63 123 125 179
0801.jpg 7 281 71 327
0802.jpg 367 227 474 343
0803.jpg 225 227 339 355
0804.jpg 336 43 446 125
0805.jpg 274 229 401 338
0806.jpg 14 228 128 326
0807.jpg 353 238 437 301
0808.jpg 88 180 180 246
0809.jpg 304 237 472 353
0810.jpg 366 49 463 140
0811.jpg 219 227 363 335
0812.jpg 188 181 334 329
0813.jpg 28 212 87 281
0814.jpg 291 29 334 75
0815.jpg 330 71 406 178
0816.jpg 75 205 185 287
0817.jpg 23 20 81 82
0818.jpg 102 208 201 324
0819.jpg 209 198 294 296
0820.jpg 272 233 404 331
0821.jpg 252 231 338 313
0822.jpg 122 229 261 359
0823.jpg 326 31 375 77
0824.jpg 254 182 377 298
0825.jpg 290 265 384 346
0826.jpg 159 30 210 86
0827.jpg 38 53 90 124
0828.jpg 360 88 464 186
0829.jpg 168 219 252 282
0830.jpg 249 18 379 107
0831.jpg 9 183 83 267
0832.jpg 336 177 431 275
0833.jpg 226 273 292 336
0834.jpg 323 250 417 331
0835.jpg 128 119 240 226
0836.jpg 291 134 354 205
0837.jpg 170 203 255 275
0838.jpg 382 116 430 152
0839.jpg 136 271 246 353
0840.jpg 55 285 104 331
0841.jpg 383 48 447 137
0842.jpg 28 256 114 338
0843.jpg 114 245 159 305
0844.jpg 406 177 476 266
0845.jpg 59 8 143 124
0846.jpg 369 263 412 309
0847.jpg 56 38 95 84
0848.jpg 177 24 251 122
0849.jpg 132 27 195 98
0850.jpg 393 148 466 204
0851.jpg 397 224 439 279
0852.jpg 420 135 469 181
0853.jpg 77 266 156 337
0854.jpg 275 242 348 306
0855.jpg 305 0 461 108
0856.jpg 259 46 287 82
0857.jpg 340 264 408 346
0858.jpg 438 261 466 297
0859.jpg 62 7 124 63
0860.jpg 239 48 312 112
0861.jpg 380 174 472 302
0862.jpg 46 267 125 338
0863.jpg 67 54 140 118
0864.jpg 51 31 175 179
0865.jpg 430 105 464 151
0866.jpg 38 105 130 233
0867.jpg 5 64 89 180
0868.jpg 123 90 193 161
0869.jpg 211 38 275 84
0870.jpg 358 234 453 320
0871.jpg 321 11 401 93
0872.jpg 332 216 433 302
0873.jpg 63 220 170 336
0874.jpg 134 222 220 304
0875.jpg 19 124 110 236
0876.jpg 404 66 474 155
0877.jpg 113 298 158 358
0878.jpg 355 36 425 125
0879.jpg 110 234 168 296
0880.jpg 27 201 76 247
0881.jpg 373 171 436 242
0882.jpg 201 285 274 341
0883.jpg 30 36 104 134
0884.jpg 8 11 92 74
0885.jpg 36 140 152 251
0886.jpg 152 118 204 189
0887.jpg 374 213 419 273
0888.jpg 196 0 244 64
0889.jpg 358 237 456 346
0890.jpg 383 31 432 77
0891.jpg 35 170 130 268
0892.jpg 189 24 317 153
0893.jpg 306 70 355 116
0894.jpg 333 230 425 358
0895.jpg 352 109 462 191
0896.jpg 77 240 116 286
0897.jpg 201 71 307 161
0898.jpg 311 245 441 334
0899.jpg 201 35 265 124
0900.jpg 91 261 157 324
0901.jpg 284 42 312 78
0902.jpg 317 198 447 346
0903.jpg 182 24 303 130
0904.jpg 277 318 305 354
0905.jpg 310 35 359 81
0906.jpg 256 25 290 71
0907.jpg 130 14 215 112
0908.jpg 389 61 455 124
0909.jpg 355 68 383 104
0910.jpg 28 212 92 258
0911.jpg 296 51 364 133
0912.jpg 365 200 443 257
0913.jpg 23 38 108 136
0914.jpg 91 227 176 335
0915.jpg 88 87 158 158
0916.jpg 91 199 150 268
0917.jpg 267 295 318 351
0918.jpg 294 34 352 96
0919.jpg 390 131 448 193
0920.jpg 77 33 181 131
0921.jpg 231 218 338 334
0922.jpg 337 223 413 290
0923.jpg 363 1 457 82
0924.jpg 286 286 329 332
0925.jpg 8 127 97 214
0926.jpg 337 224 395 286
0927.jpg 284 44 338 108
0928.jpg 51 250 163 357
0929.jpg 306 71 399 177
0930.jpg 358 264 403 324
0931.jpg 96 101 180 164
0932.jpg 115 18 207 146
0933.jpg 405 150 439 196
0934.jpg 302 21 366 67
0935.jpg 366 15 409 61
0936.jpg 366 20 459 126
0937.jpg 340 60 452 167
0938.jpg 334 205 382 241
0939.jpg 428 193 456 229
0940.jpg 84 15 136 86
0941.jpg 268 201 331 272
0942.jpg 223 222 391 338
0943.jpg 367 210 451 326
0944.jpg 443 277 471 313
0945.jpg 74 216 188 314
0946.jpg 218 199 341 315
0947.jpg 111 225 225 353
0948.jpg 57 254 130 310
0949.jpg 286 40 334 76
0950.jpg 158 58 200 113
0951.jpg 367 105 419 176
0952.jpg 21 263 85 309
0953.jpg 372 81 469 172
0954.jpg 99 241 163 330
0955.jpg 18 257 150 355
0956.jpg 136 300 185 346
0957.jpg 187 42 249 98
0958.jpg 246 176 341 262
0959.jpg 70 12 171 84
0960.jpg 370 217 409 263
0961.jpg 22 109 117 207
0962.jpg 274 102 342 184
0963.jpg 308 105 384 212
0964.jpg 268 123 423 239
0965.jpg 345 35 453 163
0966.jpg 202 221 297 307
0967.jpg 198 194 298 323
0968.jpg 250 255 324 339
0969.jpg 318 269 402 332
0970.jpg 266 222 346 304
0971.jpg 223 8 318 94
0972.jpg 362 197 407 257
0973.jpg 393 212 467 310
0974.jpg 302 236 372 325
0975.jpg 270 182 374 290
0976.jpg 174 202 282 330
0977.jpg 53 84 98 144
0978.jpg 5 28 121 110
0979.jpg 129 237 223 318
0980.jpg 268 257 346 314
0981.jpg 224 148 313 235
0982.jpg 0 41 94 122
0983.jpg 411 286 460 332
0984.jpg 47 191 101 255
0985.jpg 21 186 197 317
0986.jpg 40 136 216 267
0987.jpg 241 46 325 109
0988.jpg 22 90 179 238
0989.jpg 36 193 143 341
0990.jpg 31 63 216 190
0991.jpg 63 76 191 205
0992.jpg 6 8 76 97
0993.jpg 77 129 184 245
0994.jpg 142 106 206 195
0995.jpg 321 0 422 86
0996.jpg 143 278 207 324
0997.jpg 8 227 179 354
0998.jpg 331 221 475 329
0999.jpg 331 136 385 200
1000.jpg 325 281 361 317
0001.jpg 306 198 372 261
0002.jpg 39 162 133 243
0003.jpg 101 196 175 294
0004.jpg 207 254 256 300
0005.jpg 385 309 421 345
0006.jpg 406 295 440 341
0007.jpg 393 127 461 209
0008.jpg 43 121 107 210
0009.jpg 24 224 103 295
0010.jpg 310 54 395 152
0011.jpg 28 27 73 87
0012.jpg 26 259 96 330
0013.jpg 243 75 347 173
0014.jpg 348 19 416 101
0015.jpg 28 99 108 181
0016.jpg 43 181 79 217
0017.jpg 170 9 234 98
0018.jpg 243 211 414 338
0019.jpg 259 248 360 320
0020.jpg 200 210 284 273
0021.jpg 390 300 439 346
0022.jpg 3 272 79 339
0023.jpg 158 279 217 348
0024.jpg 5 34 99 115
0025.jpg 369 116 469 245
0026.jpg 8 2 84 109
0027.jpg 259 214 379 343
0028.jpg 242 231 285 277
0029.jpg 358 238 394 274
0030.jpg 181 232 266 340
0031.jpg 171 34 229 96
0032.jpg 32 200 108 307
0033.jpg 208 24 284 91
0034.jpg 61 162 146 260
0035.jpg 37 176 89 247
0036.jpg 288 174 415 283
0037.jpg 227 9 266 55
0038.jpg 175 212 243 294
0039.jpg 79 12 164 84
0040.jpg 4 282 55 338
0041.jpg 28 26 113 124
0042.jpg 78 18 205 127
0043.jpg 199 195 254 241
0044.jpg 420 219 475 265
0045.jpg 388 260 473 358
0046.jpg 265 250 316 306
0047.jpg 106 282 155 328
0048.jpg 46 26 120 124
0049.jpg 305 210 473 326
0050.jpg 141 292 205 338
0051.jpg 220 228 388 344
0052.jpg 289 293 337 329
0053.jpg 196 231 289 337
0054.jpg 178 186 282 294
0055.jpg 22 25 92 96
0056.jpg 6 17 127 123
0057.jpg 117 26 229 133
0058.jpg 419 238 467 302
0059.jpg 395 20 475 102
0060.jpg 206 73 291 171
0061.jpg 53 33 116 104
0062.jpg 2 86 94 214
0063.jpg 40 5 139 121
0064.jpg 54 249 151 340
0065.jpg 332 45 396 134
0066.jpg 238 209 366 338
0067.jpg 31 253 90 322
0068.jpg 298 262 419 350
0069.jpg 259 15 389 104
0070.jpg 13 256 89 323
0071.jpg 357 310 406 356
0072.jpg 382 287 440 349
0073.jpg 249 0 340 112
0074.jpg 255 222 334 293
0075.jpg 314 232 350 268
0076.jpg 48 152 128 242
0077.jpg 135 225 311 356
0078.jpg 55 307 89 353
0079.jpg 235 81 296 163
0080.jpg 13 176 86 232
0081.jpg 415 248 477 304
0082.jpg 7 239 56 285
0083.jpg 370 158 450 248
0084.jpg 279 152 370 264
0085.jpg 314 155 406 221
0086.jpg 287 188 381 269
0087.jpg 339 40 440 112
0088.jpg 270 84 328 146
0089.jpg 163 295 199 331
0090.jpg 325 154 469 262
0091.jpg 270 209 334 298
0092.jpg 65 231 141 298
0093.jpg 273 42 327 106
0094.jpg 52 102 125 158
0095.jpg 338 42 471 156
0096.jpg 94 18 149 64
0097.jpg 66 68 140 166
0098.jpg 235 19 296 101
0099.jpg 353 197 454 269
0100.jpg 79 239 159 321
0101.jpg 336 220 457 308
0102.jpg 384 125 435 181
0103.jpg 26 49 111 121
0104.jpg 405 95 441 131
0105.jpg 342 93 376 139
0106.jpg 263 67 311 103
0107.jpg 24 226 192 342
0108.jpg 184 287 236 358
0109.jpg 377 63 472 149
0110.jpg 314 277 384 348
0111.jpg 406 20 479 84
0112.jpg 335 235 462 344
0113.jpg 123 268 239 350
0114.jpg 297 7 331 53
0115.jpg 368 295 416 331
0116.jpg 150 256 256 346
0117.jpg 53 190 111 252
0118.jpg 77 34 116 80
0119.jpg 116 156 240 304
0120.jpg 84 203 160 310
0121.jpg 116 243 175 312
0122.jpg 296 120 370 218
0123.jpg 86 123 209 239
0124.jpg 72 145 146 229
0125.jpg 99 180 175 247
0126.jpg 115 9 236 115
0127.jpg 167 8 297 97
0128.jpg 193 20 300 136
0129.jpg 16 154 122 244
0130.jpg 285 290 363 347
0131.jpg 196 291 244 327
0132.jpg 40 277 132 343
0133.jpg 321 205 405 268
0134.jpg 143 135 290 263
0135.jpg 118 162 248 251
0136.jpg 40 142 181 258
0137.jpg 283 288 347 334
0138.jpg 367 209 451 325
0139.jpg 297 282 352 328
0140.jpg 173 204 289 315
0141.jpg 70 193 155 265
0142.jpg 186 303 259 359
0143.jpg 279 102 400 190
0144.jpg 48 50 110 106
0145.jpg 44 164 114 253
0146.jpg 276 29 404 158
0147.jpg 363 219 462 335
0148.jpg 2 71 178 202
0149.jpg 407 138 461 202
0150.jpg 242 287 321 358
0151.jpg 237 27 407 175
0152.jpg 367 112 446 183
0153.jpg 20 213 78 275
0154.jpg 52 251 194 349
0155.jpg 373 127 477 235
0156.jpg 62 34 111 80
0157.jpg 276 10 404 139
0158.jpg 32 225 203 352
0159.jpg 373 28 477 136
0160.jpg 302 32 399 123
0161.jpg 30 112 92 168
0162.jpg 74 254 180 344
0163.jpg 271 237 339 319
0164.jpg 43 208 117 292
0165.jpg 276 229 349 293
0166.jpg 384 140 438 204
0167.jpg 85 1 159 85
0168.jpg 125 237 226 323
0169.jpg 39 161 131 289
0170.jpg 283 105 367 221
0171.jpg 362 154 463 240
0172.jpg 113 19 164 75
0173.jpg 301 284 360 353
0174.jpg 165 234 238 298
0175.jpg 109 176 143 222
0176.jpg 107 256 191 319
0177.jpg 228 251 287 320
0178.jpg 355 204 440 312
0179.jpg 369 262 417 298
0180.jpg 22 160 111 247
0181.jpg 137 222 205 304
0182.jpg 175 193 259 256
0183.jpg 357 184 455 293
0184.jpg 160 202 330 350
0185.jpg 406 256 469 327
0186.jpg 237 195 393 324
0187.jpg 181 264 245 353
0188.jpg 308 224 401 330
0189.jpg 33 117 107 201
0190.jpg 63 18 114 74
0191.jpg 18 105 115 196
0192.jpg 304 132 431 241
0193.jpg 8 238 101 344
0194.jpg 300 222 455 338
0195.jpg 54 190 146 256
0196.jpg 217 267 302 339
0197.jpg 22 255 70 291
0198.jpg 258 23 309 79
0199.jpg 92 23 202 105
0200.jpg 303 244 430 353
0201.jpg 291 252 407 334
0202.jpg 25 164 109 227
0203.jpg 193 257 252 326
0204.jpg 66 187 164 296
0205.jpg 27 1 126 117
0206.jpg 96 70 182 152
0207.jpg 29 197 121 325
0208.jpg 123 233 239 344
0209.jpg 36 179 171 306
0210.jpg 307 34 368 116
0211.jpg 18 279 94 346
0212.jpg 52 0 100 36
0213.jpg 22 249 102 339
0214.jpg 26 232 130 330
0215.jpg 59 248 156 339
0216.jpg 30 106 122 234
0217.jpg 30 227 131 299
0218.jpg 74 227 245 354
0219.jpg 11 27 79 109
0220.jpg 214 287 280 350
0221.jpg 66 7 176 89
0222.jpg 376 32 452 139
0223.jpg 30 141 64 187
0224.jpg 373 173 472 289
0225.jpg 19 191 120 277
0226.jpg 369 26 458 113
0227.jpg 359 155 452 261
0228.jpg 284 204 320 240
0229.jpg 246 272 312 335
0230.jpg 287 42 388 114
0231.jpg 125 235 293 351
0232.jpg 67 230 145 287
0233.jpg 293 73 341 137
0234.jpg 124 228 240 310
0235.jpg 190 270 224 316
0236.jpg 8 91 143 239
0237.jpg 90 186 118 222
0238.jpg 22 251 152 340
0239.jpg 203 209 358 325
0240.jpg 169 292 235 355
0241.jpg 106 239 262 347
0242.jpg 141 10 251 92
0243.jpg 39 226 91 297
0244.jpg 36 248 106 337
0245.jpg 6 60 120 158
0246.jpg 387 130 435 166
0247.jpg 380 308 429 354
0248.jpg 56 298 101 358
0249.jpg 297 11 361 100
0250.jpg 5 24 106 96
0251.jpg 1 35 53 106
0252.jpg 29 167 71 222
0253.jpg 245 207 293 243
0254.jpg 378 0 412 46
0255.jpg 366 159 442 226
0256.jpg 162 195 247 293
0257.jpg 48 227 93 287
0258.jpg 35 280 83 344
0259.jpg 232 38 287 84
0260.jpg 65 13 119 77
0261.jpg 74 121 148 219
0262.jpg 67 30 151 146
0263.jpg 76 181 156 271
0264.jpg 391 53 450 122
0265.jpg 276 8 374 117
0266.jpg 323 271 396 335
0267.jpg 211 1 323 108
0268.jpg 281 261 376 347
0269.jpg 44 114 98 178
0270.jpg 238 211 379 327
0271.jpg 400 120 462 176
0272.jpg 317 121 369 192
0273.jpg 72 35 142 124
0274.jpg 177 27 213 63
0275.jpg 298 4 347 50
0276.jpg 5 37 57 108
0277.jpg 309 51 415 141
0278.jpg 300 54 354 118
0279.jpg 5 251 68 322
0280.jpg 12 227 92 309
0281.jpg 175 12 248 68
0282.jpg 196 75 260 121
0283.jpg 125 276 210 348
0284.jpg 392 61 460 143
0285.jpg 222 272 298 339
0286.jpg 323 79 456 193
0287.jpg 397 201 446 247
0288.jpg 296 10 452 118
0289.jpg 260 276 326 339
0290.jpg 400 143 468 225
0291.jpg 16 233 90 317
0292.jpg 178 286 251 342
0293.jpg 364 31 406 86
0294.jpg 57 158 189 256
0295.jpg 158 4 257 120
0296.jpg 139 216 295 324
0297.jpg 3 14 95 80
0298.jpg 151 224 202 280
0299.jpg 150 229 195 289
0300.jpg 58 269 107 315
0301.jpg 155 4 240 112
0302.jpg 203 251 281 308
0303.jpg 393 71 454 153
0304.jpg 53 254 123 343
0305.jpg 119 209 213 290
0306.jpg 238 162 414 293
0307.jpg 220 265 274 329
0308.jpg 37 120 137 249
0309.jpg 408 104 442 150
0310.jpg 318 32 475 180
0311.jpg 310 179 349 225
0312.jpg 239 235 355 317
0313.jpg 251 264 337 346
0314.jpg 272 283 311 329
0315.jpg 177 23 253 130
0316.jpg 265 79 389 227
0317.jpg 288 183 416 312
0318.jpg 336 202 434 311
0319.jpg 166 223 250 286
0320.jpg 425 8 474 54
0321.jpg 71 1 181 83
0322.jpg 276 215 377 287
0323.jpg 138 264 239 350
0324.jpg 312 225 355 271
0325.jpg 32 111 164 209
0326.jpg 383 190 432 236
0327.jpg 295 105 430 253
0328.jpg 14 243 120 333
0329.jpg 66 5 151 103
0330.jpg 10 38 152 136
0331.jpg 389 180 441 251
0332.jpg 299 75 427 204
0333.jpg 390 231 448 293
0334.jpg 350 138 414 184
0335.jpg 163 153 283 282
0336.jpg 339 13 412 69
0337.jpg 316 14 355 60
0338.jpg 105 14 202 105
0339.jpg 207 48 255 112
0340.jpg 227 4 266 50
0341.jpg 202 120 314 227
0342.jpg 257 15 399 113
0343.jpg 201 249 246 309
0344.jpg 422 249 476 313
0345.jpg 25 1 146 89
0346.jpg 117 67 247 156
0347.jpg 387 12 421 58
0348.jpg 202 165 278 232
0349.jpg 292 261 328 297
0350.jpg 78 170 185 318
0351.jpg 40 5 89 51
0352.jpg 17 166 110 272
0353.jpg 41 111 117 178
0354.jpg 269 224 339 313
0355.jpg 226 37 326 166
0356.jpg 323 159 366 205
0357.jpg 48 306 76 342
0358.jpg 90 185 194 293
0359.jpg 207 11 255 47
0360.jpg 373 64 443 153
0361.jpg 317 148 402 256
0362.jpg 115 271 173 333
0363.jpg 226 227 311 299
0364.jpg 316 190 390 274
0365.jpg 141 319 177 355
0366.jpg 320 231 436 342
0367.jpg 358 253 432 351
0368.jpg 303 238 407 336
0369.jpg 27 242 70 288
0370.jpg 108 193 224 304
0371.jpg 147 182 206 251
0372.jpg 187 11 250 82
0373.jpg 238 195 314 302
0374.jpg 186 4 250 50
0375.jpg 368 269 463 355
0376.jpg 276 38 365 125
0377.jpg 339 88 440 160
0378.jpg 183 240 325 338
0379.jpg 351 9 425 107
0380.jpg 189 63 274 135
0381.jpg 84 22 240 130
0382.jpg 226 56 284 118
0383.jpg 186 8 328 106
0384.jpg 10 240 105 326
0385.jpg 67 43 135 125
0386.jpg 77 5 153 112
0387.jpg 364 100 464 229
0388.jpg 90 39 204 137
0389.jpg 199 276 262 347
0390.jpg 165 9 264 125
0391.jpg 348 229 412 275
0392.jpg 2 224 103 310
0393.jpg 31 232 115 295
0394.jpg 377 50 445 132
0395.jpg 291 62 390 178
0396.jpg 1 38 109 166
0397.jpg 130 218 246 300
0398.jpg 413 69 452 115
0399.jpg 314 194 348 240
0400.jpg 194 208 286 336
0401.jpg 329 209 409 291
0402.jpg 71 192 218 320
0403.jpg 6 166 122 277
0404.jpg 119 1 233 99
0405.jpg 310 257 395 329
0406.jpg 340 291 388 355
0407.jpg 66 248 170 356
0408.jpg 64 173 140 280
0409.jpg 54 165 120 228
0410.jpg 146 262 208 318
0411.jpg 311 7 453 105
0412.jpg 400 225 448 289
0413.jpg 16 46 137 134
0414.jpg 399 121 469 210
0415.jpg 321 74 385 120
0416.jpg 290 66 333 112
0417.jpg 277 266 341 355
0418.jpg 428 21 476 57
0419.jpg 52 228 168 310
0420.jpg 207 294 255 358
0421.jpg 80 258 210 347
0422.jpg 91 60 188 151
0423.jpg 109 158 285 289
0424.jpg 315 256 367 327
0425.jpg 324 99 470 247
0426.jpg 235 240 403 356
0427.jpg 87 193 191 301
0428.jpg 30 83 106 190
0429.jpg 288 231 404 342
0430.jpg 282 36 355 92
0431.jpg 20 17 90 88
0432.jpg 68 110 111 156
0433.jpg 238 281 266 317
0434.jpg 8 232 114 322
0435.jpg 160 200 223 271
0436.jpg 83 6 213 95
0437.jpg 5 246 79 344
0438.jpg 35 3 165 92
0439.jpg 347 266 395 302
0440.jpg 400 231 442 286
0441.jpg 293 228 390 319
0442.jpg 40 0 148 128
0443.jpg 355 200 428 264
0444.jpg 2 210 91 297
0445.jpg 110 272 211 358
0446.jpg 296 222 366 293
0447.jpg 170 44 198 80
0448.jpg 13 235 87 319
0449.jpg 142 58 256 156
0450.jpg 298 44 356 106
0451.jpg 37 14 213 145
0452.jpg 371 129 399 165
0453.jpg 344 270 428 333
0454.jpg 3 68 73 139
0455.jpg 110 197 243 311
0456.jpg 335 7 409 91
0457.jpg 346 210 382 246
0458.jpg 297 68 377 158
0459.jpg 243 0 357 98
0460.jpg 99 90 138 136
0461.jpg 244 19 372 148
0462.jpg 329 196 403 280
0463.jpg 5 196 53 260
0464.jpg 394 143 470 250
0465.jpg 73 259 147 357
0466.jpg 340 111 457 259
0467.jpg 219 234 318 350
0468.jpg 373 35 467 116
0469.jpg 316 182 364 246
0470.jpg 127 221 259 319
0471.jpg 23 128 78 174
0472.jpg 294 249 386 315
0473.jpg 324 205 447 321
0474.jpg 288 204 352 250
0475.jpg 143 119 171 155
0476.jpg 65 82 177 189
0477.jpg 128 181 244 263
0478.jpg 46 136 162 218
0479.jpg 214 287 269 333
0480.jpg 19 217 104 289
0481.jpg 102 31 182 113
0482.jpg 351 60 394 106
0483.jpg 315 166 472 314
0484.jpg 283 33 328 93
0485.jpg 82 74 263 222
0486.jpg 351 235 413 291
0487.jpg 165 192 309 300
0488.jpg 220 236 334 334
0489.jpg 411 151 450 197
0490.jpg 349 164 428 235
0491.jpg 141 107 186 167
0492.jpg 370 149 468 258
0493.jpg 354 25 403 71
0494.jpg 392 163 477 261
0495.jpg 153 222 294 338
0496.jpg 400 12 428 48
0497.jpg 92 200 158 263
0498.jpg 47 71 81 117
0499.jpg 5 149 97 277
0500.jpg 51 228 110 297
0501.jpg 24 94 103 165
0502.jpg 84 293 127 339
0503.jpg 213 211 308 297
0504.jpg 166 200 323 348
0505.jpg 161 166 256 252
0506.jpg 166 259 244 316
0507.jpg 124 260 186 316
0508.jpg 282 214 410 343
0509.jpg 373 116 472 232
0510.jpg 108 162 172 251
0511.jpg 37 83 91 147
0512.jpg 201 229 246 289
0513.jpg 283 250 384 336
0514.jpg 67 168 195 297
0515.jpg 381 14 433 85
0516.jpg 394 253 468 351
0517.jpg 1 26 148 154
0518.jpg 238 196 312 280
0519.jpg 385 75 470 173
0520.jpg 348 287 403 333
0521.jpg 7 175 102 261
0522.jpg 352 266 447 352
0523.jpg 111 173 301 304
0524.jpg 329 207 421 273
0525.jpg 371 194 435 240
0526.jpg 363 212 391 248
0527.jpg 100 160 242 258
0528.jpg 290 223 422 321
0529.jpg 84 9 154 98
0530.jpg 317 175 459 273
0531.jpg 189 241 274 313
0532.jpg 62 198 217 314
0533.jpg 201 174 267 237
0534.jpg 316 10 401 82
0535.jpg 66 198 151 306
0536.jpg 348 36 412 125
0537.jpg 113 223 205 351
0538.jpg 188 16 262 114
0539.jpg 331 218 407 285
0540.jpg 97 218 163 281
0541.jpg 51 236 206 352
0542.jpg 7 163 92 271
0543.jpg 247 277 326 348
0544.jpg 161 22 231 93
0545.jpg 38 149 74 185
0546.jpg 114 34 230 116
0547.jpg 348 81 443 167
0548.jpg 38 226 112 310
0549.jpg 379 43 424 103
0550.jpg 377 65 476 181
0551.jpg 324 272 416 338
0552.jpg 175 231 269 312
0553.jpg 12 202 82 291
0554.jpg 398 182 476 239
0555.jpg 331 261 405 345
0556.jpg 211 225 253 280
0557.jpg 354 86 458 194
0558.jpg 118 226 161 272
0559.jpg 213 277 292 348
0560.jpg 372 187 414 242
0561.jpg 388 215 473 323
0562.jpg 362 23 479 171
0563.jpg 345 115 419 199
0564.jpg 378 282 470 348
0565.jpg 235 234 376 350
0566.jpg 157 257 267 339
0567.jpg 424 188 466 243
0568.jpg 250 217 421 344
0569.jpg 55 236 188 350
0570.jpg 60 231 134 329
0571.jpg 174 275 208 321
0572.jpg 47 9 127 99
0573.jpg 303 208 415 315
0574.jpg 377 209 456 280
0575.jpg 345 266 430 338
0576.jpg 17 240 110 346
0577.jpg 352 12 432 94
0578.jpg 301 229 456 345
0579.jpg 19 226 67 290
0580.jpg 239 267 309 338
0581.jpg 193 260 251 322
0582.jpg 218 263 304 345
0583.jpg 119 0 223 98
0584.jpg 302 189 395 295
0585.jpg 15 49 136 137
0586.jpg 158 87 213 133
0587.jpg 301 285 343 340
0588.jpg 23 57 102 128
0589.jpg 317 0 416 116
0590.jpg 4 20 102 129
0591.jpg 46 1 167 107
0592.jpg 354 1 402 65
0593.jpg 143 242 177 288
0594.jpg 56 247 120 336
0595.jpg 380 113 429 159
0596.jpg 322 283 392 354
0597.jpg 267 19 356 106
0598.jpg 155 14 231 81
0599.jpg 373 299 416 345
0600.jpg 13 106 83 195
0601.jpg 276 195 422 343
0602.jpg 307 181 362 227
0603.jpg 71 221 175 319
0604.jpg 343 214 442 330
0605.jpg 147 64 223 131
0606.jpg 46 66 144 175
0607.jpg 429 55 477 91
0608.jpg 267 223 337 312
0609.jpg 326 213 410 276
0610.jpg 264 228 312 292
0611.jpg 29 26 123 107
0612.jpg 7 94 69 150
0613.jpg 113 32 212 148
0614.jpg 347 234 440 340
0615.jpg 59 87 95 123
0616.jpg 75 16 217 114
0617.jpg 61 103 134 159
0618.jpg 116 21 249 135
0619.jpg 277 247 362 345
0620.jpg 277 282 326 328
0621.jpg 196 46 224 82
0622.jpg 89 234 157 316
0623.jpg 101 210 187 292
0624.jpg 78 54 127 100
0625.jpg 8 207 223 355
0626.jpg 38 99 111 155
0627.jpg 109 61 175 124
0628.jpg 389 232 469 314
0629.jpg 29 165 124 251
0630.jpg 235 269 308 325
0631.jpg 371 106 455 222
0632.jpg 346 79 431 187
0633.jpg 169 167 367 315
0634.jpg 122 201 196 299
0635.jpg 94 219 210 301
0636.jpg 18 165 109 277
0637.jpg 111 105 163 176
0638.jpg 121 226 195 324
0639.jpg 17 228 93 295
0640.jpg 142 15 215 71
0641.jpg 64 5 155 117
0642.jpg 196 284 281 356
0643.jpg 196 166 232 202
0644.jpg 300 176 393 282
0645.jpg 52 171 166 299
0646.jpg 44 32 145 118
0647.jpg 279 307 322 353
0648.jpg 68 201 144 308
0649.jpg 197 224 273 331
0650.jpg 86 235 150 281
0651.jpg 80 146 154 244
0652.jpg 326 192 404 249
0653.jpg 93 213 283 344
0654.jpg 73 275 141 357
0655.jpg 193 202 254 284
0656.jpg 191 22 298 138
0657.jpg 390 238 466 305
0658.jpg 176 243 306 332
0659.jpg 3 280 37 326
0660.jpg 97 250 146 296
0661.jpg 254 268 318 357
0662.jpg 175 262 291 344
0663.jpg 64 82 174 164
0664.jpg 365 5 427 61
0665.jpg 227 65 289 121
0666.jpg 181 262 259 319
0667.jpg 193 4 244 60
0668.jpg 92 7 200 135
0669.jpg 172 206 273 278
0670.jpg 186 1 333 129
0671.jpg 188 3 280 69
0672.jpg 94 199 149 245
0673.jpg 213 228 348 355
0674.jpg 86 55 114 91
0675.jpg 125 214 246 302
0676.jpg 122 6 150 42
0677.jpg 19 99 55 135
0678.jpg 349 66 419 155
0679.jpg 216 147 252 183
0680.jpg 117 118 202 190
0681.jpg 64 264 165 336
0682.jpg 50 84 185 232
0683.jpg 6 5 136 94
0684.jpg 179 156 253 254
0685.jpg 219 258 314 344
0686.jpg 158 231 220 287
0687.jpg 202 14 245 60
0688.jpg 337 43 428 155
0689.jpg 365 142 399 188
0690.jpg 343 32 434 144
0691.jpg 30 220 186 328
0692.jpg 238 228 274 264
0693.jpg 7 145 71 191
0694.jpg 42 200 90 264
0695.jpg 317 33 383 96
0696.jpg 360 302 409 348
0697.jpg 173 221 289 332
0698.jpg 11 56 143 154
0699.jpg 63 39 148 137
0700.jpg 245 6 313 88
0701.jpg 294 267 395 339
0702.jpg 72 193 145 249
0703.jpg 336 23 395 92
0704.jpg 200 0 285 72
0705.jpg 290 202 420 350
0706.jpg 181 252 293 359
0707.jpg 286 190 378 256
0708.jpg 369 237 460 349
0709.jpg 343 4 463 133
0710.jpg 206 292 249 338
0711.jpg 3 95 138 243
0712.jpg 131 226 189 288
0713.jpg 347 222 395 258
0714.jpg 319 191 425 281
0715.jpg 231 260 310 331
0716.jpg 270 188 298 224
0717.jpg 10 16 165 132
0718.jpg 21 166 163 264
0719.jpg 57 129 109 200
0720.jpg 365 14 457 142
0721.jpg 270 191 377 339
0722.jpg 76 218 128 289
0723.jpg 387 91 442 137
0724.jpg 123 190 199 297
0725.jpg 345 128 452 276
0726.jpg 170 234 224 298
0727.jpg 84 277 169 349
0728.jpg 41 256 136 342
0729.jpg 32 296 74 351
0730.jpg 49 260 113 306
0731.jpg 83 230 161 287
0732.jpg 228 238 335 354
0733.jpg 320 175 424 273
0734.jpg 255 208 350 294
0735.jpg 28 53 185 201
0736.jpg 83 128 134 184
0737.jpg 41 240 140 356
0738.jpg 72 267 127 313
0739.jpg 99 4 160 86
0740.jpg 50 158 98 222
0741.jpg 72 62 100 98
0742.jpg 27 16 107 98
0743.jpg 6 183 134 312
0744.jpg 220 227 279 296
0745.jpg 70 220 118 256
0746.jpg 373 210 415 265
0747.jpg 291 84 448 232
0748.jpg 168 249 265 340
0749.jpg 299 179 384 251
0750.jpg 381 161 454 217
0751.jpg 428 158 464 194
0752.jpg 331 84 373 139
0753.jpg 93 188 210 336
0754.jpg 293 213 377 329
0755.jpg 33 201 92 270
0756.jpg 278 190 356 247
0757.jpg 256 165 363 281
0758.jpg 428 219 470 274
0759.jpg 154 214 215 296
0760.jpg 103 147 220 295
0761.jpg 278 157 329 213
0762.jpg 43 209 199 317
0763.jpg 39 308 73 354
0764.jpg 243 261 373 350
0765.jpg 261 220 354 326
0766.jpg 48 63 121 119
0767.jpg 437 83 476 129
0768.jpg 238 9 330 75
0769.jpg 26 236 130 344
0770.jpg 188 281 233 341
0771.jpg 66 13 196 102
0772.jpg 6 119 182 250
0773.jpg 37 190 160 306
0774.jpg 118 265 152 311
0775.jpg 124 116 176 187
0776.jpg 90 216 158 298
0777.jpg 14 25 115 111
0778.jpg 9 116 101 244
0779.jpg 378 16 456 73
0780.jpg 83 259 125 314
0781.jpg 285 68 333 104
0782.jpg 93 207 127 253
0783.jpg 84 266 158 350
0784.jpg 60 186 99 232
0785.jpg 391 135 470 206
0786.jpg 39 26 93 90
0787.jpg 94 45 122 81
0788.jpg 52 220 147 306
0789.jpg 24 5 90 68
0790.jpg 387 65 478 177
0791.jpg 98 283 156 345
0792.jpg 276 4 406 93
0793.jpg 111 268 147 304
0794.jpg 124 266 178 330
0795.jpg 339 241 436 332
0796.jpg 290 20 326 56
0797.jpg 16 167 95 238
0798.jpg 304 50 460 158
0799.jpg 35 253 115 335
0800.jpg 6 220 110 328
0801.jpg 22 262 132 344
0802.jpg 56 217 232 348
0803.jpg 318 202 352 248
0804.jpg 3 24 127 172
0805.jpg 84 202 299 350
0806.jpg 401 26 460 95
0807.jpg 172 246 302 335
0808.jpg 27 183 75 219
0809.jpg 4 260 40 296
0810.jpg 30 133 69 179
0811.jpg 334 30 395 112
0812.jpg 371 158 466 244
0813.jpg 209 287 275 350
0814.jpg 207 223 339 321
0815.jpg 34 65 144 147
0816.jpg 273 190 372 306
0817.jpg 27 196 141 324
0818.jpg 84 154 143 223
0819.jpg 111 211 196 319
0820.jpg 351 148 394 194
0821.jpg 28 216 125 307
0822.jpg 21 188 101 270
0823.jpg 413 158 464 214
0824.jpg 345 175 415 246
0825.jpg 117 50 221 158
0826.jpg 380 216 454 300
0827.jpg 99 150 127 186
0828.jpg 354 195 449 293
0829.jpg 122 173 170 209
0830.jpg 316 30 437 118
0831.jpg 92 153 215 269
0832.jpg 378 250 475 341
0833.jpg 341 211 457 322
0834.jpg 191 232 335 340
0835.jpg 32 124 230 272
0836.jpg 257 134 331 232
0837.jpg 91 252 167 359
0838.jpg 217 222 302 294
0839.jpg 327 226 391 272
0840.jpg 73 264 153 354
0841.jpg 389 264 463 348
0842.jpg 348 181 469 287
0843.jpg 195 224 279 340
0844.jpg 56 104 120 193
0845.jpg 286 7 416 96
0846.jpg 152 7 225 71
0847.jpg 351 79 427 186
0848.jpg 370 121 455 219
0849.jpg 17 229 112 315
0850.jpg 279 225 341 281
0851.jpg 306 300 370 346
0852.jpg 144 76 187 122
0853.jpg 194 233 362 349
0854.jpg 239 294 273 340
0855.jpg 275 221 389 349
0856.jpg 52 38 116 127
0857.jpg 216 154 258 209
0858.jpg 298 260 402 358
0859.jpg 90 232 246 340
0860.jpg 291 3 461 151
0861.jpg 257 47 342 145
0862.jpg 90 103 183 209
0863.jpg 43 237 116 301
0864.jpg 275 4 351 111
0865.jpg 66 187 100 233
0866.jpg 14 61 144 150
0867.jpg 126 31 160 77
0868.jpg 44 69 179 217
0869.jpg 321 86 476 202
0870.jpg 111 0 215 108
0871.jpg 1 139 136 287
0872.jpg 264 63 298 109
0873.jpg 358 129 406 193
0874.jpg 61 183 100 229
0875.jpg 101 236 196 334
0876.jpg 342 4 431 91
0877.jpg 52 194 110 256
0878.jpg 96 23 145 69
0879.jpg 21 45 100 116
0880.jpg 44 11 86 66
0881.jpg 352 17 432 99
0882.jpg 286 27 314 63
0883.jpg 37 36 126 123
0884.jpg 351 79 396 139
0885.jpg 30 137 142 244
0886.jpg 13 135 61 171
0887.jpg 41 194 171 342
0888.jpg 440 155 476 191
0889.jpg 305 286 378 342
0890.jpg 77 203 168 315
0891.jpg 190 297 238 333
0892.jpg 45 222 109 268
0893.jpg 136 3 250 101
0894.jpg 319 226 389 315
0895.jpg 146 94 208 150
0896.jpg 121 55 176 101
0897.jpg 8 225 84 292
0898.jpg 250 266 308 328
0899.jpg 43 16 159 98
0900.jpg 283 293 317 339
0901.jpg 443 69 471 105
0902.jpg 91 10 197 100
0903.jpg 254 218 318 264
0904.jpg 272 142 366 223
0905.jpg 17 37 152 164
0906.jpg 11 144 102 256
0907.jpg 356 200 451 286
0908.jpg 168 0 272 108
0909.jpg 6 93 177 220
0910.jpg 55 248 140 346
0911.jpg 424 277 472 341
0912.jpg 151 24 219 106
0913.jpg 25 154 101 221
0914.jpg 269 93 324 139
0915.jpg 162 48 283 136
0916.jpg 10 267 126 349
0917.jpg 2 189 118 271
0918.jpg 60 284 94 330
0919.jpg 246 220 298 291
0920.jpg 274 14 328 78
0921.jpg 414 129 456 184
0922.jpg 167 61 203 97
0923.jpg 116 175 180 221
0924.jpg 404 87 432 123
0925.jpg 310 123 457 251
0926.jpg 69 148 154 256
0927.jpg 193 59 241 95
0928.jpg 45 246 118 310
0929.jpg 7 47 83 154
0930.jpg 39 204 156 352
0931.jpg 248 45 369 133
0932.jpg 41 207 83 262
0933.jpg 296 189 440 297
0934.jpg 354 214 462 342
0935.jpg 366 117 474 245
0936.jpg 125 267 184 336
0937.jpg 197 63 273 130
0938.jpg 327 220 413 302
0939.jpg 363 58 454 170
0940.jpg 166 219 205 265
0941.jpg 191 223 295 331
0942.jpg 340 55 464 203
0943.jpg 53 240 116 311
0944.jpg 380 58 428 122
0945.jpg 104 260 218 358
0946.jpg 293 303 321 339
0947.jpg 338 220 445 336
0948.jpg 7 172 69 228
0949.jpg 368 113 459 225
0950.jpg 16 26 117 112
0951.jpg 22 72 122 201
0952.jpg 55 18 154 134
0953.jpg 378 57 406 93
0954.jpg 119 209 173 273
0955.jpg 51 33 124 97
0956.jpg 299 7 415 89
0957.jpg 56 19 200 127
0958.jpg 349 175 423 273
0959.jpg 256 198 357 284
0960.jpg 123 198 168 258
0961.jpg 11 37 63 108
0962.jpg 306 82 422 164
0963.jpg 232 239 296 328
0964.jpg 297 211 429 309
0965.jpg 69 188 137 270
0966.jpg 32 85 96 131
0967.jpg 17 36 103 118
0968.jpg 127 201 247 330
0969.jpg 77 271 198 359
0970.jpg 358 163 432 247
0971.jpg 253 165 331 222
0972.jpg 372 133 406 179
0973.jpg 250 265 356 355
0974.jpg 14 72 115 158
0975.jpg 19 18 70 74
0976.jpg 304 278 362 340
0977.jpg 255 234 371 345
0978.jpg 28 262 77 308
0979.jpg 136 21 215 92
0980.jpg 27 198 151 346
0981.jpg 404 148 474 237
0982.jpg 243 243 338 341
0983.jpg 79 79 131 150
0984.jpg 176 259 240 305
0985.jpg 54 185 244 316
0986.jpg 37 204 132 302
0987.jpg 106 268 170 357
0988.jpg 247 188 327 270
0989.jpg 119 238 260 354
0990.jpg 371 149 470 265
0991.jpg 42 63 143 135
0992.jpg 350 198 395 258
0993.jpg 40 142 196 250
0994.jpg 142 147 193 203
0995.jpg 23 135 191 251
0996.jpg 394 186 456 242
0997.jpg 84 4 226 102
0998.jpg 39 115 97 177
0999.jpg 111 17 244 131
1000.jpg 311 205 455 313
0001.jpg 232 287 311 358
0002.jpg 173 10 268 108
0003.jpg 336 28 402 91
0004.jpg 186 285 231 345
0005.jpg 0 114 99 230
0006.jpg 328 194 429 266
0007.jpg 216 55 284 137
0008.jpg 279 276 355 343
0009.jpg 150 205 251 277
0010.jpg 104 259 168 305
0011.jpg 164 289 213 335
0012.jpg 198 37 240 92
0013.jpg 271 17 330 86
0014.jpg 295 26 434 156
0015.jpg 39 261 112 325
0016.jpg 358 11 455 102
0017.jpg 51 241 149 350
0018.jpg 113 234 181 316
0019.jpg 338 242 444 332
0020.jpg 294 175 389 273
0021.jpg 425 216 453 252
0022.jpg 305 236 415 318
0023.jpg 294 9 356 65
0024.jpg 14 159 56 214
0025.jpg 207 211 321 339
0026.jpg 31 219 115 282
0027.jpg 352 227 479 336
0028.jpg 334 194 451 342
0029.jpg 295 244 422 353
0030.jpg 143 201 300 349
0031.jpg 368 162 459 274
0032.jpg 109 249 164 295
0033.jpg 3 168 159 297
0034.jpg 301 234 395 315
0035.jpg 353 35 387 81
0036.jpg 93 236 220 345
0037.jpg 329 175 427 284
0038.jpg 190 197 297 345
0039.jpg 423 67 451 103
0040.jpg 46 19 120 103
0041.jpg 20 12 117 103
0042.jpg 200 46 268 128
0043.jpg 52 7 144 73
0044.jpg 390 63 479 150
0045.jpg 140 22 194 86
0046.jpg 383 48 457 132
0047.jpg 412 295 466 359
0048.jpg 427 84 475 148
0049.jpg 313 67 364 123
0050.jpg 113 175 152 221
0051.jpg 176 224 306 313
0052.jpg 375 224 467 352
0053.jpg 307 291 365 353
0054.jpg 8 1 63 47
0055.jpg 329 156 449 285
0056.jpg 16 281 100 344
0057.jpg 10 223 38 259
0058.jpg 114 259 244 348
0059.jpg 178 238 271 344
0060.jpg 93 250 207 348
0061.jpg 188 9 309 97
0062.jpg 304 266 389 338
0063.jpg 133 292 199 355
0064.jpg 408 272 451 318
0065.jpg 334 217 382 281
0066.jpg 220 181 326 271
0067.jpg 47 1 110 72
0068.jpg 311 285 360 331
0069.jpg 310 13 383 77
0070.jpg 37 243 130 349
0071.jpg 203 21 277 105
0072.jpg 354 26 449 112
0073.jpg 160 13 202 68
0074.jpg 248 48 312 94
0075.jpg 4 264 77 320
0076.jpg 311 6 389 63
0077.jpg 418 208 470 279
0078.jpg 1 62 65 108
0079.jpg 138 303 177 349
0080.jpg 54 209 118 298
0081.jpg 353 10 448 108
0082.jpg 297 8 346 54
0083.jpg 401 262 471 333
0084.jpg 370 155 415 215
0085.jpg 135 299 163 335
0086.jpg 290 85 354 131
0087.jpg 295 213 409 341
0088.jpg 267 49 400 163
0089.jpg 360 47 394 93
0090.jpg 350 203 467 351
0091.jpg 228 0 314 82
0092.jpg 219 7 292 71
0093.jpg 278 28 326 64
0094.jpg 388 25 468 107
0095.jpg 365 42 477 149
0096.jpg 317 42 437 171
0097.jpg 388 222 462 320
0098.jpg 10 178 145 305
0099.jpg 313 33 408 131
0100.jpg 170 274 271 346
0101.jpg 27 117 118 229
0102.jpg 320 231 434 329
0103.jpg 104 77 152 141
0104.jpg 336 55 440 153
0105.jpg 332 244 394 300
0106.jpg 362 204 410 240
0107.jpg 369 177 469 306
0108.jpg 353 86 467 184
0109.jpg 215 33 289 117
0110.jpg 299 223 385 305
0111.jpg 374 105 437 176
0112.jpg 347 133 442 231
0113.jpg 34 129 98 218
0114.jpg 75 219 217 317
0115.jpg 143 255 198 301
0116.jpg 52 223 138 305
0117.jpg 363 168 457 249
0118.jpg 44 147 139 245
0119.jpg 273 114 401 243
0120.jpg 124 210 294 358
0121.jpg 340 114 399 183
0122.jpg 186 201 303 349
0123.jpg 8 79 176 195
0124.jpg 224 295 269 355
0125.jpg 419 19 467 83
0126.jpg 60 84 130 155
0127.jpg 80 29 171 141
0128.jpg 353 10 438 118
0129.jpg 25 207 120 305
0130.jpg 272 272 348 339
0131.jpg 112 103 166 167
0132.jpg 110 10 190 92
0133.jpg 368 180 444 287
0134.jpg 20 235 132 342
0135.jpg 257 155 349 221
0136.jpg 26 79 111 187
0137.jpg 282 322 310 358
0138.jpg 75 156 175 285
0139.jpg 273 256 359 338
0140.jpg 136 139 237 225
0141.jpg 84 193 198 321
0142.jpg 380 98 441 180
0143.jpg 270 65 374 173
0144.jpg 279 52 449 200
0145.jpg 202 15 387 142
0146.jpg 309 103 423 231
0147.jpg 291 148 369 205
0148.jpg 281 55 388 171
0149.jpg 171 23 220 69
0150.jpg 212 78 298 160
0151.jpg 260 46 333 110
0152.jpg 42 120 137 218
0153.jpg 374 137 442 219
0154.jpg 335 44 408 100
0155.jpg 62 270 142 352
0156.jpg 43 46 129 128
0157.jpg 320 9 434 107
0158.jpg 114 2 162 66
0159.jpg 99 16 183 79
0160.jpg 88 291 172 354
0161.jpg 343 246 444 332
0162.jpg 203 214 359 343
0163.jpg 397 66 455 128
0164.jpg 35 38 127 166
0165.jpg 193 48 259 111
0166.jpg 111 7 215 105
0167.jpg 175 29 255 111
0168.jpg 63 18 196 132
0169.jpg 332 299 405 355
0170.jpg 177 232 257 322
0171.jpg 269 20 367 129
0172.jpg 98 181 189 293
0173.jpg 293 229 347 293
0174.jpg 357 13 396 59
0175.jpg 67 224 209 322
0176.jpg 67 234 122 280
0177.jpg 136 233 215 304
0178.jpg 221 231 328 347
0179.jpg 200 237 316 348
0180.jpg 210 238 264 302
0181.jpg 234 204 380 352
0182.jpg 52 252 110 314
0183.jpg 118 26 191 90
0184.jpg 167 156 297 304
0185.jpg 132 182 224 310
0186.jpg 49 145 165 227
0187.jpg 254 267 313 336
0188.jpg 358 253 474 335
0189.jpg 365 226 410 286
0190.jpg 1 233 134 347
0191.jpg 103 267 192 354
0192.jpg 309 32 479 180
0193.jpg 142 252 200 314
0194.jpg 38 198 86 262
0195.jpg 3 156 94 268
0196.jpg 242 236 328 318
0197.jpg 47 59 105 121
0198.jpg 348 4 418 75
0199.jpg 168 34 246 91
0200.jpg 69 4 196 113
0201.jpg 41 10 121 100
0202.jpg 21 180 125 288
0203.jpg 38 261 111 317
0204.jpg 66 181 167 253
0205.jpg 37 57 153 139
0206.jpg 359 195 471 302
0207.jpg 18 168 189 295
0208.jpg 268 120 400 218
0209.jpg 285 235 364 306
0210.jpg 308 11 362 75
0211.jpg 194 11 239 71
0212.jpg 2 153 66 199
0213.jpg 203 284 288 356
0214.jpg 270 209 355 281
0215.jpg 83 146 168 254
0216.jpg 66 90 146 172
0217.jpg 302 269 382 351
0218.jpg 238 216 337 332
0219.jpg 21 60 106 158
0220.jpg 45 17 151 107
0221.jpg 148 256 226 313
0222.jpg 230 257 304 341
0223.jpg 392 113 443 169
0224.jpg 18 215 73 261
0225.jpg 420 212 463 258
0226.jpg 325 226 416 338
0227.jpg 119 233 213 314
0228.jpg 66 265 130 354
0229.jpg 273 14 316 60
0230.jpg 10 106 118 234
0231.jpg 250 47 298 83
0232.jpg 11 135 134 251
0233.jpg 365 107 393 143
0234.jpg 242 269 321 340
0235.jpg 20 74 152 172
0236.jpg 338 30 444 120
0237.jpg 70 33 174 141
0238.jpg 58 191 147 278
0239.jpg 352 85 432 175
0240.jpg 125 275 179 339
0241.jpg 17 147 118 219
0242.jpg 211 212 245 258
0243.jpg 170 221 271 293
0244.jpg 84 75 135 131
0245.jpg 42 51 115 107
0246.jpg 34 3 93 72
0247.jpg 2 93 72 182
0248.jpg 198 35 232 81
0249.jpg 84 200 157 264
0250.jpg 12 215 51 261
0251.jpg 163 238 279 349
0252.jpg 172 311 236 357
0253.jpg 237 16 313 83
0254.jpg 235 215 311 322
0255.jpg 88 135 116 171
0256.jpg 260 61 308 97
0257.jpg 412 6 463 62
0258.jpg 377 89 457 179
0259.jpg 48 232 118 303
0260.jpg 5 184 90 256
0261.jpg 351 112 463 219
0262.jpg 38 14 130 80
0263.jpg 28 76 127 192
0264.jpg 430 107 479 153
0265.jpg 286 261 390 359
0266.jpg 165 11 288 127
0267.jpg 157 40 211 104
0268.jpg 409 198 479 269
0269.jpg 390 28 453 99
0270.jpg 331 208 379 244
0271.jpg 173 255 274 327
0272.jpg 287 245 382 331
0273.jpg 299 201 398 317
0274.jpg 312 279 375 350
0275.jpg 321 3 468 131
0276.jpg 19 180 61 235
0277.jpg 233 49 343 131
0278.jpg 88 289 180 355
0279.jpg 234 17 320 99
0280.jpg 306 7 340 53
0281.jpg 147 310 181 356
0282.jpg 366 54 444 111
0283.jpg 28 191 89 273
0284.jpg 203 33 269 96
0285.jpg 58 274 143 346
0286.jpg 67 10 257 141
0287.jpg 270 7 336 70
0288.jpg 333 154 387 218
0289.jpg 262 221 356 302
0290.jpg 69 277 153 340
0291.jpg 51 46 115 92
0292.jpg 228 206 267 252
0293.jpg 376 270 425 316
0294.jpg 172 211 387 359
0295.jpg 309 192 425 303
0296.jpg 130 222 298 338
0297.jpg 232 10 298 73
0298.jpg 150 17 294 125
0299.jpg 430 176 473 222
0300.jpg 300 247 339 293
0301.jpg 112 35 190 92
0302.jpg 142 183 332 314
0303.jpg 406 74 467 156
0304.jpg 344 48 443 164
0305.jpg 296 171 324 207
0306.jpg 297 273 391 354
0307.jpg 87 180 129 235
0308.jpg 185 250 227 305
0309.jpg 44 226 136 292
0310.jpg 48 245 154 335
0311.jpg 308 195 359 251
0312.jpg 367 212 452 320
0313.jpg 269 13 342 69
0314.jpg 158 171 201 217
0315.jpg 101 2 199 111
0316.jpg 264 137 420 245
0317.jpg 237 0 379 98
0318.jpg 309 129 444 277
0319.jpg 351 204 455 312
0320.jpg 296 12 419 128
0321.jpg 368 33 459 145
0322.jpg 64 231 196 329
0323.jpg 23 238 108 310
0324.jpg 27 187 144 335
0325.jpg 113 43 165 114
0326.jpg 119 260 178 329
0327.jpg 81 225 115 271
0328.jpg 405 130 478 194
0329.jpg 344 174 465 280
0330.jpg 353 110 454 196
0331.jpg 119 257 204 355
0332.jpg 31 183 129 292
0333.jpg 227 211 300 267
0334.jpg 116 211 217 283
0335.jpg 109 221 230 309
0336.jpg 221 260 269 324
0337.jpg 15 232 83 314
0338.jpg 100 16 158 78
0339.jpg 149 70 225 137
0340.jpg 58 278 150 344
0341.jpg 204 2 297 108
0342.jpg 285 8 412 117
0343.jpg 167 36 230 107
0344.jpg 20 136 72 207
0345.jpg 194 245 289 331
0346.jpg 384 46 447 117
0347.jpg 193 104 257 193
0348.jpg 11 4 97 86
0349.jpg 258 3 312 67
0350.jpg 184 232 232 296
0351.jpg 249 242 325 309
0352.jpg 28 267 123 353
0353.jpg 263 215 362 331
0354.jpg 5 48 89 111
0355.jpg 60 58 96 94
0356.jpg 318 160 475 308
0357.jpg 11 182 97 264
0358.jpg 18 116 88 187
0359.jpg 304 245 384 335
0360.jpg 186 171 401 319
0361.jpg 241 224 338 315
0362.jpg 75 175 273 323
0363.jpg 336 120 440 228
0364.jpg 4 10 116 117
0365.jpg 14 28 99 126
0366.jpg 394 248 456 304
0367.jpg 275 236 373 345
0368.jpg 225 233 264 279
0369.jpg 259 214 323 303
0370.jpg 156 9 219 80
0371.jpg 290 42 344 106
0372.jpg 49 28 119 99
0373.jpg 85 224 170 332
0374.jpg 51 45 157 135
0375.jpg 214 217 294 307
0376.jpg 354 113 458 211
0377.jpg 84 92 190 182
0378.jpg 201 265 279 322
0379.jpg 312 29 374 85
0380.jpg 220 16 326 106
0381.jpg 368 268 407 314
0382.jpg 393 31 461 113
0383.jpg 243 179 285 234
0384.jpg 236 49 371 176
0385.jpg 336 50 400 139
0386.jpg 361 87 435 171
0387.jpg 28 206 76 242
0388.jpg 337 119 464 228
0389.jpg 79 2 180 88
0390.jpg 122 78 170 142
0391.jpg 319 187 436 335
0392.jpg 286 270 364 327
0393.jpg 161 1 212 57
0394.jpg 339 252 419 334
0395.jpg 22 195 178 303
0396.jpg 112 272 171 341
0397.jpg 119 75 192 131
0398.jpg 61 172 276 320
0399.jpg 300 273 378 330
0400.jpg 393 228 478 336
0401.jpg 87 207 204 355
0402.jpg 153 244 207 308
0403.jpg 29 156 133 254
0404.jpg 22 171 163 287
0405.jpg 21 268 57 304
0406.jpg 351 36 396 96
0407.jpg 119 77 147 113
0408.jpg 79 246 209 335
0409.jpg 90 254 191 340
0410.jpg 319 230 420 316
0411.jpg 185 0 295 82
0412.jpg 413 207 464 263
0413.jpg 330 257 375 317
0414.jpg 3 22 65 78
0415.jpg 178 241 273 327
0416.jpg 366 15 436 104
0417.jpg 158 6 259 78
0418.jpg 26 88 104 145
0419.jpg 148 257 216 339
0420.jpg 39 68 118 139
0421.jpg 159 239 233 323
0422.jpg 74 71 166 137
0423.jpg 199 196 263 242
0424.jpg 253 179 337 242
0425.jpg 331 99 438 247
0426.jpg 359 274 453 355
0427.jpg 399 108 453 172
0428.jpg 234 185 362 314
0429.jpg 23 194 137 292
0430.jpg 82 213 125 259
0431.jpg 34 131 150 242
0432.jpg 77 3 219 101
0433.jpg 141 219 264 335
0434.jpg 125 235 267 333
0435.jpg 180 229 273 335
0436.jpg 312 288 388 355
0437.jpg 8 95 128 224
0438.jpg 38 112 144 202
0439.jpg 392 5 477 113
0440.jpg 212 218 276 264
0441.jpg 50 271 144 352
0442.jpg 164 16 308 124
0443.jpg 434 71 470 107
0444.jpg 350 242 386 278
0445.jpg 48 118 87 164
0446.jpg 397 126 449 197
0447.jpg 264 237 307 283
0448.jpg 342 24 393 80
0449.jpg 409 118 452 164
0450.jpg 290 261 351 343
0451.jpg 299 269 377 326
0452.jpg 19 219 95 326
0453.jpg 129 177 243 305
0454.jpg 404 45 478 129
0455.jpg 323 185 387 231
0456.jpg 209 182 279 253
0457.jpg 9 153 102 259
0458.jpg 10 30 58 94
0459.jpg 72 8 146 106
0460.jpg 130 31 224 112
0461.jpg 217 118 259 173
0462.jpg 381 24 449 106
0463.jpg 322 118 468 266
0464.jpg 5 148 138 262
0465.jpg 18 213 186 329
0466.jpg 64 6 98 52
0467.jpg 97 138 170 202
0468.jpg 328 222 463 349
0469.jpg 125 266 167 321
0470.jpg 17 236 131 334
0471.jpg 42 264 120 321
0472.jpg 17 85 137 214
0473.jpg 47 193 90 239
0474.jpg 403 213 448 273
0475.jpg 134 180 208 264
0476.jpg 153 253 269 335
0477.jpg 2 141 148 289
0478.jpg 191 208 389 356
0479.jpg 128 100 275 228
0480.jpg 206 22 307 108
0481.jpg 251 202 427 333
0482.jpg 353 262 414 344
0483.jpg 50 79 156 169
0484.jpg 278 306 327 352
0485.jpg 277 169 385 297
0486.jpg 395 261 465 332
0487.jpg 217 5 314 96
0488.jpg 147 208 282 356
0489.jpg 403 279 476 335
0490.jpg 330 14 404 112
0491.jpg 64 26 148 142
0492.jpg 125 230 201 297
0493.jpg 45 27 118 91
0494.jpg 92 98 158 161
0495.jpg 191 193 291 322
0496.jpg 23 122 137 220
0497.jpg 11 174 167 303
0498.jpg 355 120 453 229
0499.jpg 334 227 440 317
0500.jpg 50 224 154 322
0501.jpg 312 58 396 174
0502.jpg 343 249 398 295
0503.jpg 86 166 134 202
0504.jpg 2 128 86 191
0505.jpg 247 113 351 211
0506.jpg 297 225 425 354
0507.jpg 266 213 302 249
0508.jpg 111 240 185 338
0509.jpg 61 222 161 351
0510.jpg 211 51 254 97
0511.jpg 334 117 475 233
0512.jpg 276 207 354 264
0513.jpg 67 209 130 280
0514.jpg 232 186 321 273
0515.jpg 1 0 65 89
0516.jpg 363 228 429 291
0517.jpg 340 176 392 247
0518.jpg 41 22 133 88
0519.jpg 96 66 130 112
0520.jpg 182 275 216 321
0521.jpg 213 274 286 330
0522.jpg 183 3 231 67
0523.jpg 190 203 298 331
0524.jpg 353 185 389 221
0525.jpg 332 78 427 164
0526.jpg 258 191 434 322
0527.jpg 346 126 450 224
0528.jpg 229 194 293 240
0529.jpg 229 243 326 334
0530.jpg 222 190 393 317
0531.jpg 92 240 191 356
0532.jpg 166 195 289 311
0533.jpg 183 200 282 316
0534.jpg 26 123 90 212
0535.jpg 173 205 246 261
0536.jpg 45 260 93 324
0537.jpg 430 48 466 84
0538.jpg 352 287 391 333
0539.jpg 17 26 85 108
0540.jpg 297 276 413 358
0541.jpg 370 148 477 264
0542.jpg 162 249 266 357
0543.jpg 375 8 467 74
0544.jpg 267 1 409 99
0545.jpg 87 67 130 113
0546.jpg 114 245 192 302
0547.jpg 225 248 253 284
0548.jpg 163 223 307 331
0549.jpg 369 11 473 109
0550.jpg 12 2 168 110
0551.jpg 368 19 469 105
0552.jpg 7 236 50 282
0553.jpg 151 220 298 348
0554.jpg 324 8 423 124
0555.jpg 72 235 240 351
0556.jpg 278 220 398 349
0557.jpg 163 4 206 50
0558.jpg 223 272 291 354
0559.jpg 106 222 184 279
0560.jpg 348 64 387 110
0561.jpg 370 165 456 247
0562.jpg 194 7 283 94
0563.jpg 323 257 389 320
0564.jpg 356 68 476 197
0565.jpg 191 249 305 347
0566.jpg 113 19 214 91
0567.jpg 350 112 426 219
0568.jpg 182 35 250 117
0569.jpg 313 230 423 312
0570.jpg 231 246 259 282
0571.jpg 190 68 235 128
0572.jpg 13 58 110 149
0573.jpg 439 84 478 130
0574.jpg 389 180 475 262
0575.jpg 361 40 469 168
0576.jpg 247 2 286 48
0577.jpg 36 238 104 320
0578.jpg 139 20 240 106
0579.jpg 340 173 413 229
0580.jpg 433 28 476 74
0581.jpg 195 258 279 321
0582.jpg 337 10 438 82
0583.jpg 378 130 464 212
0584.jpg 380 77 408 113
0585.jpg 397 27 449 98
0586.jpg 187 276 253 339
0587.jpg 159 71 235 138
0588.jpg 155 25 213 87
0589.jpg 61 25 194 139
0590.jpg 243 29 337 110
0591.jpg 25 26 155 174
0592.jpg 346 295 394 331
0593.jpg 394 16 468 100
0594.jpg 3 183 76 247
0595.jpg 354 267 397 313
0596.jpg 1 142 102 214
0597.jpg 373 269 447 353
0598.jpg 327 147 411 210
0599.jpg 334 253 418 316
0600.jpg 280 292 353 356
0601.jpg 278 211 337 280
0602.jpg 413 128 465 199
0603.jpg 405 4 467 60
0604.jpg 198 126 232 172
0605.jpg 132 60 249 208
0606.jpg 110 41 186 108
0607.jpg 408 107 459 163
0608.jpg 48 67 118 156
0609.jpg 272 259 346 343
0610.jpg 118 139 182 185
0611.jpg 336 266 452 348
0612.jpg 235 28 274 74
0613.jpg 160 74 228 156
0614.jpg 380 250 441 332
0615.jpg 190 76 226 112
0616.jpg 4 87 77 143
0617.jpg 2 128 66 217
0618.jpg 140 58 232 186
0619.jpg 20 97 90 168
0620.jpg 138 59 212 143
0621.jpg 257 234 323 297
0622.jpg 165 250 214 296
0623.jpg 416 61 458 116
0624.jpg 100 181 217 329
0625.jpg 12 81 120 209
0626.jpg 38 230 66 266
0627.jpg 25 57 196 184
0628.jpg 55 143 139 259
0629.jpg 55 35 156 107
0630.jpg 255 171 390 319
0631.jpg 313 6 423 88
0632.jpg 113 122 193 204
0633.jpg 86 180 156 251
0634.jpg 33 242 91 304
0635.jpg 112 74 229 222
0636.jpg 21 202 116 300
0637.jpg 28 14 129 100
0638.jpg 91 163 247 271
0639.jpg 171 224 327 332
0640.jpg 76 69 168 135
0641.jpg 75 208 231 316
0642.jpg 61 197 217 305
0643.jpg 402 115 464 171
0644.jpg 32 10 162 158
0645.jpg 323 22 424 94
0646.jpg 424 282 452 318
0647.jpg 23 162 179 270
0648.jpg 5 226 195 357
0649.jpg 67 65 152 137
0650.jpg 224 179 325 251
0651.jpg 27 63 112 135
0652.jpg 163 227 267 325
0653.jpg 174 217 222 253
0654.jpg 111 233 212 305
0655.jpg 340 295 368 331
0656.jpg 390 134 433 180
0657.jpg 176 25 250 109
0658.jpg 293 240 377 356
0659.jpg 301 32 335 78
0660.jpg 220 25 281 107
0661.jpg 112 289 148 325
0662.jpg 414 159 442 195
0663.jpg 176 37 290 135
0664.jpg 72 43 214 141
0665.jpg 74 20 135 102
0666.jpg 35 33 120 141
0667.jpg 149 64 222 128
0668.jpg 219 45 299 135
0669.jpg 193 235 361 351
0670.jpg 243 225 366 341
0671.jpg 34 14 82 78
0672.jpg 153 193 263 275
0673.jpg 48 210 145 301
0674.jpg 13 228 98 326
0675.jpg 210 18 264 82
0676.jpg 263 195 352 282
0677.jpg 164 229 240 296
0678.jpg 106 165 198 293
0679.jpg 104 240 272 356
0680.jpg 181 89 295 217
0681.jpg 165 44 262 135
0682.jpg 123 95 208 203
0683.jpg 351 130 478 239
0684.jpg 283 234 374 346
0685.jpg 38 0 228 131
0686.jpg 356 44 404 80
0687.jpg 223 242 303 324
0688.jpg 234 17 277 63
0689.jpg 343 62 473 210
0690.jpg 170 234 274 332
0691.jpg 45 266 118 330
0692.jpg 358 286 428 357
0693.jpg 160 26 208 90
0694.jpg 133 16 239 106
0695.jpg 115 205 245 353
0696.jpg 43 20 144 106
0697.jpg 398 46 450 117
0698.jpg 89 22 183 103
0699.jpg 8 116 118 198
0700.jpg 198 35 264 98
0701.jpg 47 135 102 181
0702.jpg 13 242 114 328
0703.jpg 436 249 475 295
0704.jpg 188 222 318 311
0705.jpg 10 157 52 212
0706.jpg 81 142 166 240
0707.jpg 352 261 426 345
0708.jpg 385 97 437 168
0709.jpg 30 274 93 345
0710.jpg 135 258 245 340
0711.jpg 17 242 140 358
0712.jpg 70 158 186 269
0713.jpg 221 148 275 212
0714.jpg 127 9 211 72
0715.jpg 42 274 76 320
0716.jpg 54 45 127 101
0717.jpg 66 180 118 251
0718.jpg 14 240 137 356
0719.jpg 188 244 274 326
0720.jpg 349 188 444 274
0721.jpg 347 67 455 195
0722.jpg 377 41 441 87
0723.jpg 146 194 361 342
0724.jpg 312 225 386 323
0725.jpg 248 227 309 309
0726.jpg 26 18 96 107
0727.jpg 430 155 479 201
0728.jpg 176 233 282 323
0729.jpg 42 210 116 294
0730.jpg 10 244 142 342
0731.jpg 2 266 63 348
0732.jpg 254 223 299 283
0733.jpg 42 13 81 59
0734.jpg 205 300 253 336
0735.jpg 233 209 379 357
0736.jpg 383 202 457 300
0737.jpg 347 177 439 243
0738.jpg 56 56 132 163
0739.jpg 285 58 358 122
0740.jpg 102 205 145 251
0741.jpg 17 73 51 119
0742.jpg 356 94 455 210
0743.jpg 166 212 301 339
0744.jpg 356 84 477 172
0745.jpg 347 144 425 201
0746.jpg 347 63 467 192
0747.jpg 194 170 362 286
0748.jpg 202 205 257 251
0749.jpg 300 242 398 351
0750.jpg 141 7 202 89
0751.jpg 275 162 446 289
0752.jpg 58 147 147 234
0753.jpg 75 217 195 346
0754.jpg 274 30 415 146
0755.jpg 316 242 392 349
0756.jpg 352 19 394 74
0757.jpg 309 151 439 299
0758.jpg 256 251 317 333
0759.jpg 414 110 465 166
0760.jpg 329 161 426 252
0761.jpg 126 151 265 281
0762.jpg 288 3 381 109
0763.jpg 326 190 427 276
0764.jpg 149 273 233 336
0765.jpg 37 250 122 322
0766.jpg 0 24 70 113
0767.jpg 252 218 420 334
0768.jpg 374 58 458 174
0769.jpg 357 32 396 78
0770.jpg 167 18 225 80
0771.jpg 44 3 144 132
0772.jpg 135 109 183 145
0773.jpg 70 91 98 127
0774.jpg 290 42 352 98
0775.jpg 45 60 96 116
0776.jpg 57 313 93 349
0777.jpg 102 168 176 252
0778.jpg 0 190 61 272
0779.jpg 104 1 162 63
0780.jpg 359 265 437 322
0781.jpg 399 283 448 329
0782.jpg 43 211 97 275
0783.jpg 342 28 400 90
0784.jpg 51 162 124 218
0785.jpg 59 24 145 106
0786.jpg 16 196 120 294
0787.jpg 7 186 98 298
0788.jpg 233 7 327 88
0789.jpg 72 195 134 251
0790.jpg 14 130 122 258
0791.jpg 433 163 461 199
0792.jpg 45 278 94 324
0793.jpg 33 243 166 357
0794.jpg 379 70 427 106
0795.jpg 2 104 81 175
0796.jpg 412 291 463 347
0797.jpg 212 286 270 348
0798.jpg 56 297 98 352
0799.jpg 6 24 60 88
0800.jpg 183 251 268 359
0801.jpg 12 229 132 358
0802.jpg 227 218 289 274
0803.jpg 36 124 121 196
0804.jpg 206 228 382 359
0805.jpg 236 268 302 331
0806.jpg 346 232 422 339
0807.jpg 368 30 453 138
0808.jpg 110 217 168 279
0809.jpg 402 151 466 197
0810.jpg 150 223 208 285
0811.jpg 349 222 400 278
0812.jpg 149 175 266 323
0813.jpg 385 252 465 342
0814.jpg 304 209 434 357
0815.jpg 381 128 466 226
0816.jpg 272 172 428 280
0817.jpg 25 34 126 120
0818.jpg 98 207 183 305
0819.jpg 383 58 469 140
0820.jpg 119 273 213 354
0821.jpg 218 244 254 280
0822.jpg 260 208 336 275
0823.jpg 41 191 117 298
0824.jpg 382 8 479 99
0825.jpg 108 4 160 75
0826.jpg 273 185 368 271
0827.jpg 251 241 344 347
0828.jpg 300 9 421 115
0829.jpg 30 198 104 296
0830.jpg 40 58 126 140
0831.jpg 228 62 264 98
0832.jpg 282 213 340 275
0833.jpg 285 250 319 296
0834.jpg 112 143 232 272
0835.jpg 19 102 113 183
0836.jpg 129 251 235 341
0837.jpg 155 1 207 72
0838.jpg 429 284 468 330
0839.jpg 37 0 95 62
0840.jpg 370 25 455 97
0841.jpg 230 243 374 351
0842.jpg 40 69 114 167
0843.jpg 245 299 284 345
0844.jpg 220 317 268 353
0845.jpg 358 142 479 248
0846.jpg 31 172 94 243
0847.jpg 15 257 94 328
0848.jpg 40 269 146 359
0849.jpg 12 267 40 303
0850.jpg 214 22 273 91
0851.jpg 118 239 184 302
0852.jpg 171 231 247 298
0853.jpg 88 280 140 351
0854.jpg 424 253 458 299
0855.jpg 348 10 382 56
0856.jpg 273 295 318 355
0857.jpg 121 269 200 340
0858.jpg 295 20 363 102
0859.jpg 3 161 117 259
0860.jpg 102 10 138 46
0861.jpg 26 155 68 210
0862.jpg 395 123 461 186
0863.jpg 344 78 467 194
0864.jpg 308 77 362 141
0865.jpg 244 238 348 336
0866.jpg 52 144 153 216
0867.jpg 11 160 66 206
0868.jpg 342 13 456 141
0869.jpg 63 40 171 168
0870.jpg 405 198 448 244
0871.jpg 13 150 76 221
0872.jpg 12 179 60 243
0873.jpg 148 251 237 338
0874.jpg 335 56 427 122
0875.jpg 268 67 336 149
0876.jpg 39 207 132 313
0877.jpg 223 195 257 241
0878.jpg 422 48 471 94
0879.jpg 261 47 304 93
0880.jpg 5 93 78 157
0881.jpg 30 218 64 264
0882.jpg 356 118 426 189
0883.jpg 394 2 458 91
0884.jpg 254 296 305 352
0885.jpg 55 147 139 210
0886.jpg 28 246 184 354
0887.jpg 6 283 40 329
0888.jpg 35 19 89 83
0889.jpg 340 85 416 152
0890.jpg 76 221 171 307
0891.jpg 168 259 253 331
0892.jpg 197 21 317 150
0893.jpg 187 50 261 134
0894.jpg 51 29 102 85
0895.jpg 395 159 429 205
0896.jpg 405 234 444 280
0897.jpg 112 9 242 98
0898.jpg 412 46 467 92
0899.jpg 319 206 368 252
0900.jpg 243 250 337 331
0901.jpg 356 245 395 291
0902.jpg 41 185 133 313
0903.jpg 93 173 142 219
0904.jpg 370 277 464 358
0905.jpg 181 276 259 333
0906.jpg 330 286 414 349
0907.jpg 272 65 306 111
0908.jpg 371 20 470 136
0909.jpg 20 126 124 224
0910.jpg 72 102 136 148
0911.jpg 5 130 53 194
0912.jpg 196 50 264 132
0913.jpg 421 65 476 111
0914.jpg 3 231 76 287
0915.jpg 367 21 473 111
0916.jpg 19 190 70 246
0917.jpg 130 22 251 110
0918.jpg 249 268 291 323
0919.jpg 426 162 475 208
0920.jpg 66 13 187 119
0921.jpg 86 278 140 342
0922.jpg 227 274 321 355
0923.jpg 93 215 216 331
0924.jpg 388 224 473 332
0925.jpg 239 9 287 45
0926.jpg 306 1 401 99
0927.jpg 59 166 151 232
0928.jpg 308 37 418 119
0929.jpg 327 52 426 168
0930.jpg 261 2 337 109
0931.jpg 123 46 209 128
0932.jpg 8 105 107 221
0933.jpg 356 76 457 162
0934.jpg 118 165 191 229
0935.jpg 342 44 456 172
0936.jpg 255 228 294 274
0937.jpg 133 175 249 286
0938.jpg 370 91 465 189
0939.jpg 224 127 275 183
0940.jpg 98 203 266 319
0941.jpg 338 218 392 282
0942.jpg 61 273 100 319
0943.jpg 258 223 312 287
0944.jpg 188 213 316 342
0945.jpg 137 9 247 91
0946.jpg 109 228 177 310
0947.jpg 399 70 469 159
0948.jpg 357 22 391 68
0949.jpg 15 160 148 274
0950.jpg 350 130 454 238
0951.jpg 104 20 184 110
0952.jpg 336 237 448 344
0953.jpg 75 1 149 85
0954.jpg 213 59 264 115
0955.jpg 194 125 287 231
0956.jpg 339 251 460 357
0957.jpg 277 232 361 348
0958.jpg 379 179 433 243
0959.jpg 31 224 67 260
0960.jpg 374 287 437 358
0961.jpg 354 3 390 39
0962.jpg 293 55 417 203
0963.jpg 328 100 432 198
0964.jpg 312 26 404 92
0965.jpg 169 237 325 345
0966.jpg 379 284 434 330
0967.jpg 243 166 342 282
0968.jpg 441 87 469 123
0969.jpg 291 293 349 355
0970.jpg 161 191 282 279
0971.jpg 451 73 479 109
0972.jpg 289 259 381 325
0973.jpg 33 35 85 106
0974.jpg 283 206 351 288
0975.jpg 265 288 341 355
0976.jpg 122 227 217 313
0977.jpg 266 171 386 300
0978.jpg 193 39 248 85
0979.jpg 65 251 93 287
0980.jpg 251 217 395 325
0981.jpg 64 258 134 347
0982.jpg 122 152 156 198
0983.jpg 76 9 137 91
0984.jpg 182 211 283 283
0985.jpg 326 156 458 254
0986.jpg 209 205 279 294
0987.jpg 194 187 341 315
0988.jpg 120 1 241 89
0989.jpg 334 10 440 100
0990.jpg 35 273 115 355
0991.jpg 9 150 51 205
0992.jpg 166 230 296 319
0993.jpg 94 4 156 60
0994.jpg 1 41 216 189
0995.jpg 374 45 466 173
0996.jpg 44 3 118 87
0997.jpg 119 5 249 94
0998.jpg 260 256 374 354
0999.jpg 94 227 164 316
1000.jpg 299 6 342 52
