0001.jpg 38 56 123 164
0002.jpg 310 127 457 255
0003.jpg 68 141 189 229
0004.jpg 157 90 285 219
0005.jpg 294 230 410 312
0006.jpg 396 289 441 349
0007.jpg 374 40 410 76
0008.jpg 314 214 422 342
0009.jpg 332 163 460 292
0010.jpg 114 24 200 106
0011.jpg 396 147 472 254
0012.jpg 334 234 414 324
0013.jpg 57 305 91 351
0014.jpg 417 107 453 143
0015.jpg 271 145 388 293
0016.jpg 194 9 264 80
0017.jpg 9 30 57 66
0018.jpg 325 65 439 163
0019.jpg 393 288 472 359
0020.jpg 369 151 469 280
0021.jpg 357 42 399 97
0022.jpg 23 124 103 206
0023.jpg 44 278 89 338
0024.jpg 322 192 383 274
0025.jpg 338 159 436 268
0026.jpg 316 63 460 171
0027.jpg 306 23 354 59
0028.jpg 262 198 332 287
0029.jpg 23 238 71 302
0030.jpg 277 128 351 212
0031.jpg 397 285 461 331
0032.jpg 378 111 451 167
0033.jpg 10 202 102 330
0034.jpg 332 86 416 149
0035.jpg 330 190 392 246
0036.jpg 157 195 225 277
0037.jpg 31 172 101 261
0038.jpg 102 184 219 332
0039.jpg 211 205 273 261
0040.jpg 261 245 303 300
0041.jpg 262 170 354 236
0042.jpg 347 206 405 268
0043.jpg 194 201 315 307
0044.jpg 147 243 263 354
0045.jpg 354 35 403 81
0046.jpg 65 102 150 210
0047.jpg 305 201 452 329
0048.jpg 22 211 190 327
0049.jpg 312 201 468 309
0050.jpg 61 221 251 352
0051.jpg 118 13 219 85
0052.jpg 176 260 261 332
0053.jpg 375 140 423 176
0054.jpg 220 280 265 340
0055.jpg 86 15 164 72
0056.jpg 231 275 315 338
0057.jpg 15 19 101 101
0058.jpg 306 198 401 284
0059.jpg 197 247 271 331
0060.jpg 26 32 158 130
0061.jpg 389 140 423 186
0062.jpg 89 229 224 356
0063.jpg 412 173 460 209
0064.jpg 353 259 427 357
0065.jpg 19 187 99 269
0066.jpg 345 178 406 260
0067.jpg 378 182 430 253
0068.jpg 327 91 412 163
0069.jpg 80 191 129 237
0070.jpg 406 247 479 303
0071.jpg 28 205 152 353
0072.jpg 249 236 363 334
0073.jpg 300 106 364 152
0074.jpg 294 103 427 217
0075.jpg 394 177 452 239
0076.jpg 116 25 155 71
0077.jpg 220 162 361 278
0078.jpg 194 192 228 238
0079.jpg 250 85 351 157
0080.jpg 53 168 153 297
0081.jpg 399 252 444 312
0082.jpg 296 204 391 302
0083.jpg 184 210 285 296
0084.jpg 143 68 234 180
0085.jpg 42 111 198 240
0086.jpg 31 91 135 199
0087.jpg 135 267 224 354
0088.jpg 261 200 451 331
0089.jpg 183 66 251 148
0090.jpg 96 94 216 223
0091.jpg 10 91 83 155
0092.jpg 49 315 97 351
0093.jpg 409 51 437 87
0094.jpg 75 265 161 347
0095.jpg 384 9 470 91
0096.jpg 19 82 140 188
0097.jpg 159 33 282 149
0098.jpg 21 114 89 196
0099.jpg 235 222 315 312
0100.jpg 21 24 101 114
0101.jpg 253 196 329 263
0102.jpg 249 211 369 340
0103.jpg 62 209 111 255
0104.jpg 424 5 463 51
0105.jpg 21 206 105 322
0106.jpg 101 281 155 345
0107.jpg 368 179 454 261
0108.jpg 129 258 239 340
0109.jpg 51 106 115 195
0110.jpg 46 73 116 162
0111.jpg 309 161 395 243
0112.jpg 333 60 428 146
0113.jpg 129 145 171 200
0114.jpg 268 307 304 343
0115.jpg 273 76 429 205
0116.jpg 412 202 476 291
0117.jpg 309 234 337 270
0118.jpg 377 309 432 355
0119.jpg 69 180 139 269
0120.jpg 131 74 207 141
0121.jpg 321 126 372 182
0122.jpg 207 208 314 324
0123.jpg 270 59 355 131
0124.jpg 348 118 469 224
0125.jpg 166 188 218 259
0126.jpg 35 23 167 121
0127.jpg 123 81 270 209
0128.jpg 309 290 343 336
0129.jpg 123 47 223 176
0130.jpg 107 161 165 223
0131.jpg 376 171 446 260
0132.jpg 26 251 65 297
0133.jpg 229 39 335 129
0134.jpg 202 255 299 346
0135.jpg 146 266 262 348
0136.jpg 72 32 173 118
0137.jpg 225 214 253 250
0138.jpg 162 2 242 84
0139.jpg 301 228 340 274
0140.jpg 335 225 396 307
0141.jpg 52 258 128 325
0142.jpg 327 180 400 244
0143.jpg 117 5 212 91
0144.jpg 293 230 407 328
0145.jpg 308 5 356 41
0146.jpg 316 93 410 174
0147.jpg 437 11 473 47
0148.jpg 118 16 194 83
0149.jpg 411 245 479 327
0150.jpg 339 86 433 167
0151.jpg 9 5 115 95
0152.jpg 46 208 187 324
0153.jpg 141 142 189 178
0154.jpg 381 44 474 150
0155.jpg 47 42 202 158
0156.jpg 24 203 156 301
0157.jpg 318 61 460 159
0158.jpg 281 203 408 312
0159.jpg 196 242 317 330
0160.jpg 21 48 72 104
0161.jpg 119 278 220 350
0162.jpg 161 205 308 333
0163.jpg 28 229 127 345
0164.jpg 425 281 477 352
0165.jpg 28 10 70 65
0166.jpg 295 145 407 252
0167.jpg 152 27 225 83
0168.jpg 232 217 324 345
0169.jpg 167 127 266 243
0170.jpg 218 118 254 154
0171.jpg 319 195 361 250
0172.jpg 8 234 99 346
0173.jpg 376 35 468 163
0174.jpg 30 91 131 163
0175.jpg 321 125 462 241
0176.jpg 205 75 263 137
0177.jpg 2 195 101 311
0178.jpg 122 71 164 126
0179.jpg 148 215 203 261
0180.jpg 240 155 347 303
0181.jpg 37 44 136 160
0182.jpg 367 74 453 156
0183.jpg 258 228 349 340
0184.jpg 40 35 114 119
0185.jpg 128 262 164 298
0186.jpg 89 274 128 320
0187.jpg 366 197 470 305
0188.jpg 219 168 298 239
0189.jpg 242 235 346 333
0190.jpg 296 307 330 353
0191.jpg 348 173 475 282
0192.jpg 48 0 142 81
0193.jpg 74 181 152 238
0194.jpg 88 176 133 236
0195.jpg 195 138 246 194
0196.jpg 296 247 372 354
0197.jpg 302 18 364 74
0198.jpg 85 28 169 91
0199.jpg 83 54 153 143
0200.jpg 173 251 207 297
0201.jpg 108 42 201 148
0202.jpg 330 9 434 107
0203.jpg 378 12 448 101
0204.jpg 54 176 118 265
0205.jpg 19 80 133 178
0206.jpg 49 176 122 240
0207.jpg 359 150 425 213
0208.jpg 379 178 477 287
0209.jpg 401 8 469 90
0210.jpg 14 120 120 210
0211.jpg 385 58 465 140
0212.jpg 58 87 94 123
0213.jpg 29 26 105 133
0214.jpg 246 0 352 90
0215.jpg 63 135 139 242
0216.jpg 195 243 243 307
0217.jpg 353 27 415 83
0218.jpg 376 17 471 115
0219.jpg 106 17 191 125
0220.jpg 152 144 262 226
0221.jpg 237 212 336 328
0222.jpg 340 209 416 316
0223.jpg 83 173 183 302
0224.jpg 232 112 388 241
0225.jpg 304 121 388 184
0226.jpg 28 193 163 341
0227.jpg 15 186 81 249
0228.jpg 312 188 388 255
0229.jpg 368 160 453 268
0230.jpg 374 103 463 190
0231.jpg 55 147 240 274
0232.jpg 313 186 448 313
0233.jpg 161 48 275 146
0234.jpg 68 32 102 78
0235.jpg 96 38 138 93
0236.jpg 37 34 111 118
0237.jpg 349 231 479 320
0238.jpg 375 291 467 357
0239.jpg 341 193 383 248
0240.jpg 300 187 435 335
0241.jpg 287 219 381 300
0242.jpg 326 91 399 147
0243.jpg 45 55 79 101
0244.jpg 163 130 348 257
0245.jpg 319 165 476 313
0246.jpg 181 203 282 275
0247.jpg 62 165 195 279
0248.jpg 331 247 452 335
0249.jpg 72 273 157 345
0250.jpg 25 38 172 166
0251.jpg 16 281 101 353
0252.jpg 329 129 457 258
0253.jpg 0 145 104 243
0254.jpg 345 23 406 105
0255.jpg 311 98 457 246
0256.jpg 336 153 440 261
0257.jpg 295 285 354 354
0258.jpg 45 191 175 339
0259.jpg 170 213 274 321
0260.jpg 144 226 272 355
0261.jpg 2 96 86 212
0262.jpg 63 250 129 313
0263.jpg 43 19 128 117
0264.jpg 406 2 457 58
0265.jpg 100 294 148 330
0266.jpg 93 223 234 339
0267.jpg 415 94 478 165
0268.jpg 376 208 446 297
0269.jpg 386 250 460 334
0270.jpg 31 24 70 70
0271.jpg 28 79 90 135
0272.jpg 372 197 433 279
0273.jpg 191 9 347 138
0274.jpg 130 41 185 87
0275.jpg 112 8 210 117
0276.jpg 127 203 207 293
0277.jpg 98 186 126 222
0278.jpg 353 109 402 155
0279.jpg 375 264 437 320
0280.jpg 77 23 151 107
0281.jpg 146 249 201 295
0282.jpg 84 235 176 301
0283.jpg 382 206 458 313
0284.jpg 17 246 87 335
0285.jpg 227 90 328 162
0286.jpg 411 291 445 337
0287.jpg 47 49 127 139
0288.jpg 380 102 448 184
0289.jpg 397 176 449 247
0290.jpg 343 6 435 72
0291.jpg 374 129 468 210
0292.jpg 64 32 148 148
0293.jpg 361 205 477 287
0294.jpg 285 39 348 110
0295.jpg 350 149 451 221
0296.jpg 72 76 157 184
0297.jpg 332 129 452 258
0298.jpg 342 250 422 340
0299.jpg 66 278 167 350
0300.jpg 20 21 105 129
0301.jpg 383 274 456 338
0302.jpg 266 5 314 69
0303.jpg 324 129 409 237
0304.jpg 129 35 261 133
0305.jpg 80 215 236 323
0306.jpg 84 243 240 351
0307.jpg 66 1 109 47
0308.jpg 105 3 173 85
0309.jpg 299 259 379 341
0310.jpg 99 0 229 89
0311.jpg 0 210 97 301
0312.jpg 354 127 433 198
0313.jpg 386 134 471 206
0314.jpg 13 109 71 171
0315.jpg 270 310 298 346
0316.jpg 42 45 122 127
0317.jpg 80 44 129 90
0318.jpg 263 258 369 348
0319.jpg 324 144 409 252
0320.jpg 424 208 476 279
0321.jpg 338 233 397 302
0322.jpg 54 132 118 178
0323.jpg 109 242 242 356
0324.jpg 428 176 470 231
0325.jpg 282 29 325 75
0326.jpg 57 142 91 188
0327.jpg 356 31 441 139
0328.jpg 48 21 218 169
0329.jpg 188 62 273 160
0330.jpg 303 92 433 181
0331.jpg 93 220 151 282
0332.jpg 231 254 279 318
0333.jpg 154 238 228 322
0334.jpg 399 128 465 191
0335.jpg 400 270 473 326
0336.jpg 71 258 150 329
0337.jpg 78 17 194 128
0338.jpg 44 173 110 236
0339.jpg 60 84 114 148
0340.jpg 249 209 369 338
0341.jpg 209 233 302 339
0342.jpg 391 174 449 236
0343.jpg 364 106 458 187
0344.jpg 126 245 190 291
0345.jpg 135 3 265 92
0346.jpg 94 88 215 176
0347.jpg 164 221 243 292
0348.jpg 153 99 208 145
0349.jpg 180 147 228 211
0350.jpg 43 24 166 140
0351.jpg 305 206 425 335
0352.jpg 82 142 190 270
0353.jpg 21 34 107 116
0354.jpg 95 131 149 195
0355.jpg 205 250 239 296
0356.jpg 363 148 467 256
0357.jpg 286 279 359 343
0358.jpg 78 243 185 359
0359.jpg 8 226 100 354
0360.jpg 71 219 206 346
0361.jpg 45 140 140 238
0362.jpg 215 170 362 298
0363.jpg 85 5 165 95
0364.jpg 6 121 127 227
0365.jpg 396 245 444 309
0366.jpg 302 57 448 205
0367.jpg 325 68 429 166
0368.jpg 365 147 460 245
0369.jpg 137 281 222 353
0370.jpg 365 122 427 178
0371.jpg 54 163 153 279
0372.jpg 21 109 63 164
0373.jpg 74 48 159 146
0374.jpg 124 51 173 97
0375.jpg 14 229 68 293
0376.jpg 33 6 118 104
0377.jpg 313 217 414 289
0378.jpg 398 264 452 328
0379.jpg 144 39 189 99
0380.jpg 39 137 186 265
0381.jpg 85 98 192 246
0382.jpg 352 244 436 307
0383.jpg 53 121 105 192
0384.jpg 442 135 476 181
0385.jpg 259 252 363 350
0386.jpg 45 240 177 338
0387.jpg 177 11 205 47
0388.jpg 213 165 389 296
0389.jpg 55 233 129 331
0390.jpg 345 65 413 147
0391.jpg 211 149 250 195
0392.jpg 199 245 272 309
0393.jpg 9 101 102 207
0394.jpg 233 233 284 289
0395.jpg 10 81 83 145
0396.jpg 301 132 436 259
0397.jpg 288 103 352 192
0398.jpg 78 177 186 305
0399.jpg 205 42 305 171
0400.jpg 287 119 385 228
0401.jpg 65 114 150 212
0402.jpg 8 60 138 149
0403.jpg 154 28 247 134
0404.jpg 26 29 154 158
0405.jpg 44 1 145 87
0406.jpg 379 147 447 229
0407.jpg 29 121 159 210
0408.jpg 358 128 443 226
0409.jpg 0 219 92 347
0410.jpg 34 152 114 234
0411.jpg 22 12 81 81
0412.jpg 164 14 242 71
0413.jpg 25 18 105 108
0414.jpg 90 63 132 118
0415.jpg 374 90 468 171
0416.jpg 19 145 93 243
0417.jpg 16 143 92 210
0418.jpg 389 231 462 287
0419.jpg 238 236 393 352
0420.jpg 112 208 191 279
0421.jpg 323 257 399 324
0422.jpg 347 6 431 69
0423.jpg 172 96 246 194
0424.jpg 298 231 430 329
0425.jpg 362 256 432 327
0426.jpg 182 253 262 335
0427.jpg 0 170 198 318
0428.jpg 41 122 92 178
0429.jpg 245 224 344 340
0430.jpg 396 137 445 183
0431.jpg 230 259 279 305
0432.jpg 8 234 141 348
0433.jpg 48 52 158 134
0434.jpg 46 239 105 308
0435.jpg 242 118 349 234
0436.jpg 395 246 454 315
0437.jpg 195 103 244 149
0438.jpg 330 16 429 132
0439.jpg 338 221 442 319
0440.jpg 49 269 107 331
0441.jpg 128 296 162 342
0442.jpg 92 76 208 187
0443.jpg 38 220 123 318
0444.jpg 97 257 156 326
0445.jpg 350 113 423 169
0446.jpg 345 24 475 172
0447.jpg 351 196 427 303
0448.jpg 359 123 429 212
0449.jpg 340 107 447 255
0450.jpg 103 302 152 348
0451.jpg 174 152 342 268
0452.jpg 108 179 263 295
0453.jpg 202 38 332 186
0454.jpg 97 179 145 243
0455.jpg 169 129 254 227
0456.jpg 71 105 145 203
0457.jpg 85 128 180 226
0458.jpg 232 223 340 351
0459.jpg 6 138 153 266
0460.jpg 196 154 288 220
0461.jpg 346 74 453 222
0462.jpg 62 177 195 291
0463.jpg 340 177 392 248
0464.jpg 46 159 170 307
0465.jpg 268 268 319 324
0466.jpg 47 91 174 200
0467.jpg 367 242 451 358
0468.jpg 343 255 404 337
0469.jpg 179 306 213 352
0470.jpg 321 219 384 290
0471.jpg 256 211 332 318
0472.jpg 221 65 275 129
0473.jpg 117 6 215 115
0474.jpg 325 6 452 115
0475.jpg 146 59 212 122
0476.jpg 312 15 376 61
0477.jpg 82 215 183 287
0478.jpg 101 219 186 317
0479.jpg 2 152 78 219
0480.jpg 70 294 154 357
0481.jpg 52 90 150 199
0482.jpg 339 244 423 307
0483.jpg 128 67 228 196
0484.jpg 138 267 244 357
0485.jpg 11 12 187 143
0486.jpg 191 59 283 125
0487.jpg 163 30 273 112
0488.jpg 193 39 305 146
0489.jpg 233 51 309 158
0490.jpg 398 219 471 283
0491.jpg 294 57 391 148
0492.jpg 12 100 97 172
0493.jpg 390 214 424 260
0494.jpg 384 107 469 179
0495.jpg 429 81 477 145
0496.jpg 39 131 132 237
0497.jpg 275 236 379 334
0498.jpg 104 32 165 114
0499.jpg 15 12 108 118
0500.jpg 23 21 89 84
0501.jpg 191 20 264 76
0502.jpg 331 22 426 108
0503.jpg 385 241 465 323
0504.jpg 66 74 161 160
0505.jpg 217 211 358 327
0506.jpg 144 42 192 78
0507.jpg 46 81 94 145
0508.jpg 54 239 170 321
0509.jpg 11 45 87 112
0510.jpg 43 170 98 216
0511.jpg 216 231 330 359
0512.jpg 131 40 215 103
0513.jpg 352 159 422 248
0514.jpg 358 81 479 169
0515.jpg 36 186 78 241
0516.jpg 99 93 127 129
0517.jpg 357 175 405 239
0518.jpg 3 203 51 239
0519.jpg 331 204 438 352
0520.jpg 53 113 251 261
0521.jpg 110 37 169 106
0522.jpg 231 160 305 258
0523.jpg 123 233 264 349
0524.jpg 313 129 446 243
0525.jpg 51 117 121 206
0526.jpg 69 235 196 344
0527.jpg 104 26 149 86
0528.jpg 322 237 426 335
0529.jpg 60 262 111 318
0530.jpg 401 281 435 327
0531.jpg 98 234 212 332
0532.jpg 416 231 475 300
0533.jpg 347 51 381 97
0534.jpg 94 93 215 181
0535.jpg 171 9 205 55
0536.jpg 127 52 303 183
0537.jpg 218 48 266 112
0538.jpg 343 78 388 138
0539.jpg 209 3 339 92
0540.jpg 88 173 188 302
0541.jpg 144 210 229 318
0542.jpg 328 72 413 180
0543.jpg 356 54 440 170
0544.jpg 105 141 190 249
0545.jpg 347 212 446 328
0546.jpg 401 16 449 80
0547.jpg 232 220 365 334
0548.jpg 86 252 140 316
0549.jpg 309 267 395 349
0550.jpg 355 145 389 191
0551.jpg 145 281 188 327
0552.jpg 334 98 448 196
0553.jpg 346 0 453 116
0554.jpg 15 133 121 223
0555.jpg 64 207 254 338
0556.jpg 232 239 338 329
0557.jpg 300 234 404 332
0558.jpg 70 134 184 262
0559.jpg 137 306 192 352
0560.jpg 42 193 134 321
0561.jpg 353 155 452 271
0562.jpg 49 175 119 264
0563.jpg 227 35 278 91
0564.jpg 348 242 437 329
0565.jpg 332 229 410 286
0566.jpg 281 10 336 56
0567.jpg 82 188 150 270
0568.jpg 1 226 100 342
0569.jpg 69 234 164 332
0570.jpg 131 318 167 354
0571.jpg 226 5 277 61
0572.jpg 302 6 432 95
0573.jpg 411 168 459 204
0574.jpg 223 28 301 85
0575.jpg 203 217 267 263
0576.jpg 181 128 301 257
0577.jpg 363 184 454 296
0578.jpg 98 44 187 131
0579.jpg 60 177 130 266
0580.jpg 105 176 153 212
0581.jpg 337 129 453 240
0582.jpg 315 193 389 291
0583.jpg 323 183 401 240
0584.jpg 10 11 74 57
0585.jpg 27 86 116 173
0586.jpg 340 0 463 116
0587.jpg 334 252 419 324
0588.jpg 359 185 459 314
0589.jpg 12 163 97 261
0590.jpg 279 0 355 67
0591.jpg 58 96 94 132
0592.jpg 76 73 160 136
0593.jpg 10 259 142 357
0594.jpg 338 209 374 245
0595.jpg 299 254 396 345
0596.jpg 17 51 193 182
0597.jpg 12 247 54 302
0598.jpg 388 205 440 276
0599.jpg 266 125 405 255
0600.jpg 62 194 219 342
0601.jpg 36 35 182 183
0602.jpg 148 239 191 285
0603.jpg 317 268 376 337
0604.jpg 340 125 425 223
0605.jpg 316 82 344 118
0606.jpg 27 29 79 100
0607.jpg 420 3 469 49
0608.jpg 333 58 384 114
0609.jpg 375 244 461 326
0610.jpg 358 281 437 352
0611.jpg 295 67 357 123
0612.jpg 116 197 233 345
0613.jpg 29 48 83 112
0614.jpg 52 205 176 353
0615.jpg 370 46 424 110
0616.jpg 297 256 403 346
0617.jpg 387 262 430 308
0618.jpg 202 52 329 161
0619.jpg 218 249 339 355
0620.jpg 46 245 94 309
0621.jpg 264 169 298 215
0622.jpg 359 1 444 73
0623.jpg 298 257 347 303
0624.jpg 88 47 192 145
0625.jpg 358 278 401 324
0626.jpg 151 5 229 62
0627.jpg 51 77 125 175
0628.jpg 166 52 246 142
0629.jpg 329 9 414 81
0630.jpg 94 4 200 94
0631.jpg 392 30 435 76
0632.jpg 62 52 169 200
0633.jpg 207 38 255 74
0634.jpg 249 242 308 311
0635.jpg 312 196 440 325
0636.jpg 59 288 151 354
0637.jpg 169 265 279 347
0638.jpg 63 148 205 246
0639.jpg 323 187 431 315
0640.jpg 374 284 429 330
0641.jpg 393 119 478 227
0642.jpg 97 136 213 218
0643.jpg 441 249 469 285
0644.jpg 395 100 431 136
0645.jpg 19 17 105 99
0646.jpg 9 232 180 359
0647.jpg 316 115 473 263
0648.jpg 290 224 333 270
0649.jpg 7 65 121 193
0650.jpg 244 105 280 141
0651.jpg 357 260 478 348
0652.jpg 78 229 120 284
0653.jpg 429 91 465 127
0654.jpg 168 95 275 243
0655.jpg 58 128 137 199
0656.jpg 63 278 111 314
0657.jpg 83 148 210 257
0658.jpg 26 104 165 234
0659.jpg 31 89 137 179
0660.jpg 109 174 207 283
0661.jpg 261 256 356 354
0662.jpg 52 209 180 338
0663.jpg 296 22 389 128
0664.jpg 287 68 417 157
0665.jpg 42 147 174 245
0666.jpg 16 1 80 47
0667.jpg 330 89 447 237
0668.jpg 185 193 261 260
0669.jpg 35 242 83 278
0670.jpg 142 38 210 120
0671.jpg 105 270 139 316
0672.jpg 165 52 245 134
0673.jpg 235 38 299 84
0674.jpg 225 38 253 74
0675.jpg 184 185 243 254
0676.jpg 178 181 376 329
0677.jpg 41 201 83 256
0678.jpg 21 272 95 356
0679.jpg 56 67 147 179
0680.jpg 321 96 442 184
0681.jpg 281 275 373 341
0682.jpg 59 16 180 104
0683.jpg 170 217 302 315
0684.jpg 231 221 307 328
0685.jpg 250 260 328 317
0686.jpg 54 159 143 246
0687.jpg 349 268 383 314
0688.jpg 300 37 336 73
0689.jpg 71 68 199 197
0690.jpg 36 122 159 238
0691.jpg 11 145 66 191
0692.jpg 73 131 139 194
0693.jpg 87 131 151 220
0694.jpg 129 215 208 286
0695.jpg 333 65 384 121
0696.jpg 6 77 65 146
0697.jpg 355 217 463 345
0698.jpg 184 39 242 101
0699.jpg 335 151 399 240
0700.jpg 19 188 139 317
0701.jpg 170 22 240 93
0702.jpg 15 198 113 307
0703.jpg 340 268 410 339
0704.jpg 65 28 193 157
0705.jpg 367 205 452 277
0706.jpg 93 106 173 188
0707.jpg 265 162 293 198
0708.jpg 317 23 387 112
0709.jpg 240 296 306 359
0710.jpg 39 205 169 353
0711.jpg 235 239 263 275
0712.jpg 103 240 164 322
0713.jpg 178 277 217 323
0714.jpg 118 228 234 339
0715.jpg 23 38 133 120
0716.jpg 147 81 242 167
0717.jpg 122 6 234 113
0718.jpg 63 150 122 219
0719.jpg 365 32 445 114
0720.jpg 134 65 170 101
0721.jpg 331 107 420 194
0722.jpg 398 152 432 198
0723.jpg 238 257 308 328
0724.jpg 435 114 469 160
0725.jpg 262 174 376 302
0726.jpg 203 194 349 342
0727.jpg 280 4 328 68
0728.jpg 261 255 295 301
0729.jpg 327 154 448 260
0730.jpg 0 208 104 316
0731.jpg 226 229 290 318
0732.jpg 278 222 348 293
0733.jpg 305 80 437 178
0734.jpg 271 241 394 357
0735.jpg 80 10 178 119
0736.jpg 149 7 192 53
0737.jpg 110 279 155 339
0738.jpg 37 83 170 197
0739.jpg 291 50 435 158
0740.jpg 349 263 394 323
0741.jpg 238 72 308 143
0742.jpg 101 257 129 293
0743.jpg 141 244 217 311
0744.jpg 401 270 460 339
0745.jpg 177 304 216 350
0746.jpg 406 147 469 218
0747.jpg 16 220 100 283
0748.jpg 176 17 218 72
0749.jpg 32 59 77 119
0750.jpg 351 140 446 226
0751.jpg 172 29 233 111
0752.jpg 363 228 457 309
0753.jpg 268 22 296 58
0754.jpg 124 68 179 114
0755.jpg 2 133 106 231
0756.jpg 114 233 188 331
0757.jpg 47 153 163 264
0758.jpg 59 188 186 297
0759.jpg 84 231 160 338
0760.jpg 51 58 121 129
0761.jpg 77 133 156 204
0762.jpg 54 69 195 185
0763.jpg 278 21 314 57
0764.jpg 62 76 159 167
0765.jpg 2 210 109 358
0766.jpg 1 158 182 306
0767.jpg 126 251 171 311
0768.jpg 43 83 178 210
0769.jpg 417 103 471 167
0770.jpg 24 224 151 333
0771.jpg 69 121 154 229
0772.jpg 193 103 252 172
0773.jpg 4 5 99 103
0774.jpg 416 82 468 153
0775.jpg 340 142 425 240
0776.jpg 32 223 112 313
0777.jpg 350 139 408 201
0778.jpg 106 189 227 295
0779.jpg 113 21 186 77
0780.jpg 286 38 362 145
0781.jpg 153 5 248 91
0782.jpg 402 168 441 214
0783.jpg 350 195 458 323
0784.jpg 55 80 103 116
0785.jpg 291 96 430 226
0786.jpg 0 140 94 221
0787.jpg 258 117 344 199
0788.jpg 107 192 166 261
0789.jpg 119 190 178 259
0790.jpg 254 236 332 293
0791.jpg 39 108 160 196
0792.jpg 380 19 475 117
0793.jpg 30 274 79 320
0794.jpg 62 292 135 356
0795.jpg 149 97 223 181
0796.jpg 297 71 382 169
0797.jpg 58 279 134 346
0798.jpg 23 44 107 160
0799.jpg 8 177 141 291
0800.jpg 353 58 437 174
0801.jpg 11 198 77 261
0802.jpg 48 149 110 205
0803.jpg 366 18 470 126
0804.jpg 406 199 461 245
0805.jpg 38 159 122 275
0806.jpg 201 266 246 326
0807.jpg 261 292 306 352
0808.jpg 376 77 474 186
0809.jpg 90 74 174 137
0810.jpg 30 127 58 163
0811.jpg 113 11 205 77
0812.jpg 251 17 419 133
0813.jpg 59 199 104 259
0814.jpg 36 155 153 303
0815.jpg 41 88 89 124
0816.jpg 30 221 78 257
0817.jpg 252 236 394 334
0818.jpg 281 267 361 349
0819.jpg 69 121 111 176
0820.jpg 54 152 140 234
0821.jpg 19 33 135 144
0822.jpg 166 183 252 265
0823.jpg 68 225 157 312
0824.jpg 36 183 160 331
0825.jpg 59 98 98 144
0826.jpg 352 133 416 179
0827.jpg 316 29 361 89
0828.jpg 277 125 458 273
0829.jpg 318 186 411 292
0830.jpg 91 245 176 353
0831.jpg 11 210 112 282
0832.jpg 28 242 108 324
0833.jpg 378 101 462 217
0834.jpg 351 75 390 121
0835.jpg 16 195 82 258
0836.jpg 105 168 184 239
0837.jpg 190 238 283 344
0838.jpg 243 27 389 175
0839.jpg 310 306 374 352
0840.jpg 357 27 431 125
0841.jpg 226 198 407 346
0842.jpg 332 221 396 310
0843.jpg 346 155 463 303
0844.jpg 263 258 373 340
0845.jpg 297 59 371 143
0846.jpg 18 43 126 171
0847.jpg 32 116 153 222
0848.jpg 33 19 153 148
0849.jpg 371 23 444 87
0850.jpg 55 186 153 295
0851.jpg 267 205 388 293
0852.jpg 126 48 177 104
0853.jpg 36 206 131 304
0854.jpg 117 24 165 88
0855.jpg 359 255 407 291
0856.jpg 407 215 455 279
0857.jpg 26 246 77 302
0858.jpg 211 69 315 167
0859.jpg 128 13 207 84
0860.jpg 51 158 85 204
0861.jpg 89 48 159 137
0862.jpg 335 186 415 276
0863.jpg 43 79 117 163
0864.jpg 340 32 450 114
0865.jpg 324 243 456 341
0866.jpg 215 258 257 313
0867.jpg 254 14 384 103
0868.jpg 318 0 424 90
0869.jpg 402 121 472 192
0870.jpg 86 60 128 115
0871.jpg 203 57 252 103
0872.jpg 89 75 128 121
0873.jpg 423 236 472 282
0874.jpg 347 89 439 217
0875.jpg 378 124 414 160
0876.jpg 122 4 198 111
0877.jpg 314 179 449 306
0878.jpg 114 5 285 132
0879.jpg 198 23 272 107
0880.jpg 112 113 164 184
0881.jpg 320 6 450 95
0882.jpg 27 220 116 307
0883.jpg 309 211 404 297
0884.jpg 49 90 94 150
0885.jpg 103 2 171 84
0886.jpg 322 190 461 320
0887.jpg 197 199 245 263
0888.jpg 186 219 279 325
0889.jpg 3 138 136 252
0890.jpg 12 122 97 230
0891.jpg 295 269 416 357
0892.jpg 11 280 90 351
0893.jpg 170 158 238 240
0894.jpg 226 228 274 264
0895.jpg 21 56 63 111
0896.jpg 287 112 428 228
0897.jpg 327 190 431 288
0898.jpg 89 249 151 305
0899.jpg 340 9 419 80
0900.jpg 315 242 410 340
0901.jpg 9 8 130 96
0902.jpg 303 98 474 225
0903.jpg 387 68 479 196
0904.jpg 310 148 424 246
0905.jpg 56 131 107 187
0906.jpg 6 26 130 174
0907.jpg 180 249 254 333
0908.jpg 347 237 451 345
0909.jpg 319 262 440 350
0910.jpg 19 246 140 334
0911.jpg 27 222 198 349
0912.jpg 410 130 478 212
0913.jpg 61 61 131 132
0914.jpg 77 72 151 170
0915.jpg 6 76 51 136
0916.jpg 77 83 141 129
0917.jpg 99 10 133 56
0918.jpg 54 82 187 196
0919.jpg 223 125 337 223
0920.jpg 169 210 224 256
0921.jpg 308 112 378 201
0922.jpg 309 189 357 253
0923.jpg 269 249 363 330
0924.jpg 88 156 183 242
0925.jpg 107 134 180 198
0926.jpg 178 215 310 313
0927.jpg 340 235 376 271
0928.jpg 294 139 387 245
0929.jpg 386 5 479 111
0930.jpg 143 197 255 304
0931.jpg 119 58 212 164
0932.jpg 49 180 111 236
0933.jpg 328 179 376 243
0934.jpg 39 238 100 320
0935.jpg 375 237 448 301
0936.jpg 3 142 96 248
0937.jpg 158 181 305 309
0938.jpg 162 237 224 293
0939.jpg 382 152 452 241
0940.jpg 291 56 390 172
0941.jpg 35 149 119 265
0942.jpg 310 143 466 251
0943.jpg 199 227 260 309
0944.jpg 404 20 447 66
0945.jpg 43 191 147 299
0946.jpg 24 6 179 122
0947.jpg 28 141 163 268
0948.jpg 279 23 345 86
0949.jpg 187 158 279 224
0950.jpg 406 270 460 334
0951.jpg 29 223 171 321
0952.jpg 67 41 265 189
0953.jpg 66 185 151 293
0954.jpg 4 83 180 214
0955.jpg 268 213 382 341
0956.jpg 123 180 244 268
0957.jpg 101 225 240 355
0958.jpg 37 238 169 336
0959.jpg 390 184 464 282
0960.jpg 102 301 145 347
0961.jpg 412 215 475 286
0962.jpg 117 232 244 341
0963.jpg 10 194 95 266
0964.jpg 41 99 105 188
0965.jpg 410 77 452 132
0966.jpg 343 98 397 162
0967.jpg 28 33 144 144
0968.jpg 20 0 96 107
0969.jpg 322 107 417 205
0970.jpg 423 244 468 304
0971.jpg 136 206 307 333
0972.jpg 47 231 102 277
0973.jpg 299 210 384 308
0974.jpg 391 169 471 259
0975.jpg 345 231 388 277
0976.jpg 16 207 151 355
0977.jpg 370 71 471 143
0978.jpg 345 231 446 303
0979.jpg 253 176 326 232
0980.jpg 380 205 454 303
0981.jpg 350 145 401 201
0982.jpg 321 90 387 153
0983.jpg 186 177 333 305
0984.jpg 239 229 315 296
0985.jpg 317 135 409 263
0986.jpg 4 48 59 94
0987.jpg 292 42 341 88
0988.jpg 11 179 134 295
0989.jpg 164 75 259 173
0990.jpg 269 68 390 156
0991.jpg 396 196 432 232
0992.jpg 276 215 360 331
0993.jpg 122 80 190 162
0994.jpg 280 204 437 352
0995.jpg 191 275 219 311
0996.jpg 243 86 389 234
0997.jpg 232 223 388 352
0998.jpg 114 15 188 113
0999.jpg 302 122 409 270
1000.jpg 345 35 403 97
0001.jpg 55 108 176 196
0002.jpg 325 74 429 182
0003.jpg 364 136 430 199
0004.jpg 246 41 308 97
0005.jpg 310 213 445 340
0006.jpg 157 293 202 353
0007.jpg 116 32 196 114
0008.jpg 162 28 246 91
0009.jpg 323 94 371 158
0010.jpg 387 187 472 259
0011.jpg 25 218 91 281
0012.jpg 36 103 95 172
0013.jpg 346 149 444 258
0014.jpg 34 59 98 148
0015.jpg 335 20 420 128
0016.jpg 274 152 354 242
0017.jpg 281 201 380 317
0018.jpg 225 10 298 74
0019.jpg 432 161 477 221
0020.jpg 66 151 127 233
0021.jpg 37 55 116 126
0022.jpg 404 159 477 223
0023.jpg 350 113 413 184
0024.jpg 350 220 470 349
0025.jpg 398 197 434 233
0026.jpg 18 33 103 131
0027.jpg 154 167 289 294
0028.jpg 246 178 346 307
0029.jpg 335 109 403 191
0030.jpg 130 40 222 106
0031.jpg 195 211 309 339
0032.jpg 331 127 423 255
0033.jpg 164 165 243 236
0034.jpg 351 30 475 178
0035.jpg 356 245 472 356
0036.jpg 22 247 126 355
0037.jpg 77 185 153 292
0038.jpg 120 204 224 302
0039.jpg 375 139 460 247
0040.jpg 76 189 176 318
0041.jpg 371 247 433 303
0042.jpg 34 3 128 84
0043.jpg 261 226 381 355
0044.jpg 263 238 347 301
0045.jpg 129 226 205 293
0046.jpg 158 180 314 309
0047.jpg 408 38 467 107
0048.jpg 353 231 423 302
0049.jpg 268 228 313 288
0050.jpg 75 65 164 152
0051.jpg 314 224 400 306
0052.jpg 282 213 330 277
0053.jpg 62 248 218 356
0054.jpg 170 281 255 353
0055.jpg 20 0 106 82
0056.jpg 47 204 188 320
0057.jpg 84 265 200 347
0058.jpg 188 186 318 275
0059.jpg 384 270 457 334
0060.jpg 371 143 466 241
0061.jpg 20 1 84 90
0062.jpg 28 194 120 322
0063.jpg 124 203 219 301
0064.jpg 37 16 115 73
0065.jpg 347 203 445 312
0066.jpg 393 156 477 219
0067.jpg 425 91 474 137
0068.jpg 2 132 93 244
0069.jpg 401 265 471 336
0070.jpg 0 9 127 118
0071.jpg 379 48 458 119
0072.jpg 27 121 143 203
0073.jpg 127 94 186 163
0074.jpg 52 86 115 157
0075.jpg 390 279 435 339
0076.jpg 176 302 240 348
0077.jpg 80 21 179 137
0078.jpg 249 209 379 298
0079.jpg 118 51 182 97
0080.jpg 45 7 96 63
0081.jpg 277 209 336 278
0082.jpg 40 228 150 310
0083.jpg 373 31 452 102
0084.jpg 68 90 169 176
0085.jpg 399 141 473 225
0086.jpg 15 113 171 221
0087.jpg 91 158 212 264
0088.jpg 20 35 134 163
0089.jpg 95 235 187 301
0090.jpg 55 10 159 118
0091.jpg 324 104 404 194
0092.jpg 406 248 465 317
0093.jpg 290 39 420 187
0094.jpg 228 139 374 287
0095.jpg 328 4 398 75
0096.jpg 221 12 310 99
0097.jpg 8 75 105 166
0098.jpg 161 14 240 85
0099.jpg 39 109 136 200
0100.jpg 0 249 74 347
0101.jpg 388 30 464 97
0102.jpg 11 206 127 317
0103.jpg 303 24 383 106
0104.jpg 199 245 241 300
0105.jpg 262 36 374 143
0106.jpg 188 212 296 340
0107.jpg 22 13 166 121
0108.jpg 347 201 445 310
0109.jpg 396 224 466 295
0110.jpg 355 31 394 77
0111.jpg 33 47 174 163
0112.jpg 366 256 451 354
0113.jpg 353 92 423 163
0114.jpg 44 89 212 205
0115.jpg 220 4 361 120
0116.jpg 11 83 119 211
0117.jpg 300 303 342 358
0118.jpg 296 89 360 135
0119.jpg 287 83 415 212
0120.jpg 326 168 440 296
0121.jpg 303 54 431 183
0122.jpg 24 187 168 295
0123.jpg 66 49 151 121
0124.jpg 336 203 429 309
0125.jpg 348 257 397 303
0126.jpg 73 102 187 230
0127.jpg 221 18 299 75
0128.jpg 383 221 456 285
0129.jpg 171 239 232 321
0130.jpg 322 102 414 230
0131.jpg 17 5 147 94
0132.jpg 115 158 176 240
0133.jpg 34 90 68 136
0134.jpg 234 83 364 231
0135.jpg 419 253 468 299
0136.jpg 190 65 287 156
0137.jpg 71 169 170 285
0138.jpg 191 247 312 335
0139.jpg 198 7 319 95
0140.jpg 50 250 126 357
0141.jpg 295 225 361 288
0142.jpg 226 158 350 306
0143.jpg 23 201 84 283
0144.jpg 310 250 431 356
0145.jpg 385 28 469 144
0146.jpg 260 15 361 87
0147.jpg 336 178 404 260
0148.jpg 355 65 447 193
0149.jpg 349 279 388 325
0150.jpg 15 80 121 170
0151.jpg 379 137 464 209
0152.jpg 119 225 214 323
0153.jpg 28 137 199 264
0154.jpg 340 235 437 326
0155.jpg 402 63 472 134
0156.jpg 68 251 163 349
0157.jpg 319 124 439 253
0158.jpg 184 15 290 105
0159.jpg 328 136 413 208
0160.jpg 299 213 348 259
0161.jpg 271 183 412 299
0162.jpg 154 284 220 347
0163.jpg 389 203 457 285
0164.jpg 20 238 90 309
0165.jpg 34 231 128 312
0166.jpg 331 192 429 301
0167.jpg 226 110 340 238
0168.jpg 194 203 258 292
0169.jpg 346 32 420 130
0170.jpg 330 290 408 347
0171.jpg 266 153 380 281
0172.jpg 7 148 56 194
0173.jpg 6 100 82 207
0174.jpg 254 66 366 173
0175.jpg 53 188 174 276
0176.jpg 173 139 228 185
0177.jpg 202 188 337 315
0178.jpg 75 220 120 280
0179.jpg 72 69 207 217
0180.jpg 199 4 303 102
0181.jpg 311 40 400 127
0182.jpg 115 269 225 351
0183.jpg 33 47 156 163
0184.jpg 408 83 463 129
0185.jpg 46 50 162 132
0186.jpg 325 222 401 329
0187.jpg 323 87 424 173
0188.jpg 57 168 106 214
0189.jpg 19 83 126 231
0190.jpg 346 307 382 343
0191.jpg 411 295 459 331
0192.jpg 100 62 204 160
0193.jpg 313 111 392 182
0194.jpg 6 215 90 278
0195.jpg 230 126 330 255
0196.jpg 6 293 68 349
0197.jpg 252 5 297 65
0198.jpg 239 150 301 206
0199.jpg 47 87 86 133
0200.jpg 285 278 351 341
0201.jpg 243 297 291 333
0202.jpg 160 47 202 102
0203.jpg 38 286 123 358
0204.jpg 350 63 474 211
0205.jpg 387 28 479 156
0206.jpg 205 4 306 90
0207.jpg 100 214 173 270
0208.jpg 268 195 380 302
0209.jpg 12 165 147 292
0210.jpg 243 204 350 320
0211.jpg 221 29 351 118
0212.jpg 252 26 314 82
0213.jpg 284 228 376 356
0214.jpg 309 8 371 64
0215.jpg 91 213 186 311
0216.jpg 408 152 471 223
0217.jpg 99 202 178 273
0218.jpg 279 232 363 348
0219.jpg 55 251 129 349
0220.jpg 241 108 292 164
0221.jpg 274 162 407 276
0222.jpg 39 25 138 141
0223.jpg 46 74 141 160
0224.jpg 113 180 205 308
0225.jpg 167 119 246 190
0226.jpg 75 155 120 215
0227.jpg 0 199 128 328
0228.jpg 252 199 428 330
0229.jpg 261 105 365 213
0230.jpg 115 120 143 156
0231.jpg 33 127 154 215
0232.jpg 287 199 336 245
0233.jpg 156 212 277 318
0234.jpg 73 175 122 221
0235.jpg 369 129 411 184
0236.jpg 356 253 441 325
0237.jpg 325 211 423 320
0238.jpg 313 34 405 162
0239.jpg 423 200 466 246
0240.jpg 321 105 410 192
0241.jpg 141 259 257 341
0242.jpg 358 8 438 98
0243.jpg 96 63 176 145
0244.jpg 295 169 419 317
0245.jpg 184 149 243 218
0246.jpg 240 265 306 328
0247.jpg 9 157 132 273
0248.jpg 250 219 313 290
0249.jpg 363 153 475 260
0250.jpg 414 150 462 214
0251.jpg 84 16 145 98
0252.jpg 118 266 177 335
0253.jpg 366 238 461 336
0254.jpg 282 55 375 161
0255.jpg 291 193 426 320
0256.jpg 278 313 326 349
0257.jpg 198 157 314 239
0258.jpg 375 69 448 125
0259.jpg 438 242 472 288
0260.jpg 364 322 400 358
0261.jpg 51 196 110 265
0262.jpg 418 278 454 314
0263.jpg 25 186 89 275
0264.jpg 19 151 117 260
0265.jpg 146 184 336 315
0266.jpg 398 13 466 95
0267.jpg 18 11 88 82
0268.jpg 14 19 130 101
0269.jpg 369 249 454 357
0270.jpg 26 219 74 283
0271.jpg 38 81 131 187
0272.jpg 225 26 298 82
0273.jpg 129 58 213 121
0274.jpg 20 184 141 290
0275.jpg 33 7 130 98
0276.jpg 29 277 102 341
0277.jpg 393 101 448 147
0278.jpg 71 222 172 308
0279.jpg 103 87 183 177
0280.jpg 360 184 470 266
0281.jpg 62 2 154 130
0282.jpg 28 18 132 126
0283.jpg 147 234 257 316
0284.jpg 310 71 384 169
0285.jpg 358 150 462 248
0286.jpg 63 216 148 288
0287.jpg 257 269 363 359
0288.jpg 295 17 323 53
0289.jpg 346 182 430 245
0290.jpg 2 14 103 100
0291.jpg 115 18 164 64
0292.jpg 363 227 454 339
0293.jpg 81 55 157 162
0294.jpg 32 61 81 107
0295.jpg 33 166 109 233
0296.jpg 30 117 73 163
0297.jpg 254 241 318 287
0298.jpg 285 39 427 137
0299.jpg 150 200 289 330
0300.jpg 226 190 416 321
0301.jpg 247 3 363 114
0302.jpg 335 56 439 164
0303.jpg 95 269 205 351
0304.jpg 171 30 260 117
0305.jpg 18 211 135 359
0306.jpg 67 10 135 92
0307.jpg 273 277 349 344
0308.jpg 423 109 477 173
0309.jpg 272 242 388 353
0310.jpg 285 171 330 231
0311.jpg 237 12 365 141
0312.jpg 263 65 333 154
0313.jpg 285 140 334 186
0314.jpg 297 8 413 90
0315.jpg 22 119 92 190
0316.jpg 354 256 434 346
0317.jpg 19 167 174 283
0318.jpg 0 25 101 111
0319.jpg 302 59 366 148
0320.jpg 190 17 248 79
0321.jpg 6 78 64 140
0322.jpg 60 229 199 359
0323.jpg 272 282 331 351
0324.jpg 22 68 121 184
0325.jpg 50 37 180 126
0326.jpg 38 129 185 257
0327.jpg 262 11 326 100
0328.jpg 212 198 307 296
0329.jpg 174 50 282 178
0330.jpg 134 51 198 140
0331.jpg 6 14 90 77
0332.jpg 260 71 334 169
0333.jpg 55 168 110 214
0334.jpg 349 198 449 327
0335.jpg 75 218 133 280
0336.jpg 322 38 416 119
0337.jpg 272 23 413 139
0338.jpg 310 243 361 299
0339.jpg 333 17 463 165
0340.jpg 91 152 149 214
0341.jpg 287 4 329 59
0342.jpg 373 32 447 116
0343.jpg 423 155 468 215
0344.jpg 376 249 454 306
0345.jpg 79 27 118 73
0346.jpg 112 58 268 187
0347.jpg 90 147 196 237
0348.jpg 132 193 246 321
0349.jpg 331 12 435 120
0350.jpg 213 197 274 279
0351.jpg 259 99 304 159
0352.jpg 370 214 468 323
0353.jpg 83 190 131 254
0354.jpg 29 47 146 195
0355.jpg 44 203 152 331
0356.jpg 305 29 475 177
0357.jpg 390 157 475 229
0358.jpg 7 5 50 51
0359.jpg 376 234 430 298
0360.jpg 110 124 195 196
0361.jpg 201 228 324 344
0362.jpg 27 11 198 138
0363.jpg 211 206 321 288
0364.jpg 274 203 338 249
0365.jpg 49 127 219 275
0366.jpg 192 265 246 329
0367.jpg 301 215 445 323
0368.jpg 149 317 185 353
0369.jpg 201 213 294 319
0370.jpg 8 98 122 226
0371.jpg 393 260 477 323
0372.jpg 103 264 166 335
0373.jpg 0 175 34 221
0374.jpg 289 24 328 70
0375.jpg 156 24 256 153
0376.jpg 351 252 425 350
0377.jpg 287 265 341 329
0378.jpg 123 44 202 115
0379.jpg 22 90 67 150
0380.jpg 49 124 133 187
0381.jpg 16 42 214 190
0382.jpg 78 143 112 189
0383.jpg 135 120 208 176
0384.jpg 375 238 418 284
0385.jpg 116 22 170 86
0386.jpg 47 42 177 190
0387.jpg 84 31 191 179
0388.jpg 330 22 446 133
0389.jpg 147 61 205 123
0390.jpg 306 29 367 111
0391.jpg 308 227 350 282
0392.jpg 20 3 72 74
0393.jpg 138 247 190 318
0394.jpg 130 212 184 276
0395.jpg 215 97 325 179
0396.jpg 90 225 245 341
0397.jpg 108 165 203 251
0398.jpg 273 123 327 187
0399.jpg 390 45 479 132
0400.jpg 65 183 166 255
0401.jpg 14 47 100 129
0402.jpg 332 225 436 333
0403.jpg 273 27 351 84
0404.jpg 129 0 264 127
0405.jpg 104 7 170 70
0406.jpg 29 143 153 291
0407.jpg 29 90 130 162
0408.jpg 7 244 113 334
0409.jpg 363 198 470 314
0410.jpg 352 48 451 164
0411.jpg 231 26 282 82
0412.jpg 240 30 268 66
0413.jpg 99 243 127 279
0414.jpg 68 84 160 150
0415.jpg 82 213 146 302
0416.jpg 42 0 106 46
0417.jpg 84 7 228 115
0418.jpg 7 2 142 129
0419.jpg 7 22 117 104
0420.jpg 26 235 153 344
0421.jpg 273 56 393 185
0422.jpg 83 21 203 150
0423.jpg 187 212 232 272
0424.jpg 238 239 323 311
0425.jpg 279 9 364 81
0426.jpg 120 122 181 204
0427.jpg 37 12 151 110
0428.jpg 294 246 333 292
0429.jpg 335 50 452 198
0430.jpg 172 56 273 128
0431.jpg 226 29 356 118
0432.jpg 184 169 276 235
0433.jpg 301 250 365 339
0434.jpg 60 291 88 327
0435.jpg 6 177 163 325
0436.jpg 243 143 328 215
0437.jpg 326 29 442 140
0438.jpg 71 47 145 145
0439.jpg 79 149 235 257
0440.jpg 126 240 192 303
0441.jpg 306 46 401 132
0442.jpg 60 64 206 212
0443.jpg 11 84 123 191
0444.jpg 321 154 401 236
0445.jpg 36 15 100 104
0446.jpg 401 238 477 305
0447.jpg 250 41 299 87
0448.jpg 334 204 450 315
0449.jpg 145 35 184 81
0450.jpg 321 77 360 123
0451.jpg 21 135 85 224
0452.jpg 90 121 213 237
0453.jpg 159 128 243 191
0454.jpg 370 26 476 116
0455.jpg 115 70 214 186
0456.jpg 43 179 150 327
0457.jpg 8 225 101 331
0458.jpg 142 68 206 157
0459.jpg 87 122 257 270
0460.jpg 192 37 291 153
0461.jpg 46 191 179 305
0462.jpg 73 128 167 209
0463.jpg 322 206 402 296
0464.jpg 390 129 476 211
0465.jpg 52 157 113 239
0466.jpg 392 18 476 134
0467.jpg 338 147 470 245
0468.jpg 294 44 373 115
0469.jpg 328 251 425 342
0470.jpg 367 262 435 344
0471.jpg 29 218 124 316
0472.jpg 24 263 83 332
0473.jpg 379 226 471 292
0474.jpg 322 3 436 101
0475.jpg 4 174 102 283
0476.jpg 388 74 431 120
0477.jpg 50 115 120 204
0478.jpg 58 227 122 273
0479.jpg 322 215 383 297
0480.jpg 420 192 472 263
0481.jpg 406 309 442 345
0482.jpg 37 143 113 250
0483.jpg 109 177 189 259
0484.jpg 105 155 320 303
0485.jpg 180 180 322 278
0486.jpg 132 48 227 146
0487.jpg 46 242 100 306
0488.jpg 335 270 424 357
0489.jpg 249 118 322 182
0490.jpg 353 81 457 179
0491.jpg 217 130 253 166
0492.jpg 98 249 176 306
0493.jpg 198 0 326 129
0494.jpg 7 265 80 329
0495.jpg 414 261 473 330
0496.jpg 52 212 160 340
0497.jpg 211 244 315 342
0498.jpg 153 226 238 334
0499.jpg 65 65 186 153
0500.jpg 36 58 100 147
0501.jpg 39 101 103 147
0502.jpg 191 294 255 340
0503.jpg 1 2 74 58
0504.jpg 275 32 339 121
0505.jpg 152 97 218 160
0506.jpg 84 25 164 115
0507.jpg 219 198 339 327
0508.jpg 289 191 337 255
0509.jpg 365 177 460 263
0510.jpg 187 225 297 307
0511.jpg 365 194 401 230
0512.jpg 173 34 329 142
0513.jpg 296 44 357 126
0514.jpg 142 229 243 301
0515.jpg 214 16 341 125
0516.jpg 220 30 312 96
0517.jpg 10 173 130 302
0518.jpg 104 68 152 132
0519.jpg 68 108 144 175
0520.jpg 52 232 137 340
0521.jpg 27 185 169 283
0522.jpg 190 160 313 276
0523.jpg 342 58 474 156
0524.jpg 199 216 290 328
0525.jpg 83 267 163 349
0526.jpg 23 127 127 225
0527.jpg 93 203 185 331
0528.jpg 8 185 112 293
0529.jpg 75 239 136 321
0530.jpg 52 11 185 125
0531.jpg 202 256 272 327
0532.jpg 3 212 147 320
0533.jpg 176 140 231 186
0534.jpg 137 114 207 185
0535.jpg 48 68 122 166
0536.jpg 41 65 231 196
0537.jpg 337 85 385 149
0538.jpg 320 84 452 182
0539.jpg 1 161 105 269
0540.jpg 310 92 417 208
0541.jpg 98 191 214 273
0542.jpg 29 80 107 137
0543.jpg 43 190 85 245
0544.jpg 126 252 202 359
0545.jpg 172 23 276 131
0546.jpg 345 218 468 334
0547.jpg 26 191 78 262
0548.jpg 215 40 249 86
0549.jpg 246 305 282 341
0550.jpg 342 104 437 202
0551.jpg 79 84 163 200
0552.jpg 13 43 137 191
0553.jpg 23 43 66 89
0554.jpg 50 138 116 201
0555.jpg 255 205 317 261
0556.jpg 252 194 382 342
0557.jpg 249 285 300 341
0558.jpg 312 229 424 336
0559.jpg 320 206 450 354
0560.jpg 211 270 279 352
0561.jpg 183 15 241 77
0562.jpg 51 173 135 289
0563.jpg 24 133 138 261
0564.jpg 355 40 479 188
0565.jpg 365 35 408 81
0566.jpg 375 262 433 324
0567.jpg 70 8 150 98
0568.jpg 341 170 473 268
0569.jpg 101 111 149 175
0570.jpg 11 260 77 323
0571.jpg 410 52 464 116
0572.jpg 47 55 113 118
0573.jpg 29 151 168 281
0574.jpg 8 222 163 338
0575.jpg 19 21 195 152
0576.jpg 182 207 227 267
0577.jpg 56 47 198 145
0578.jpg 144 148 239 234
0579.jpg 8 209 101 315
0580.jpg 56 207 122 270
0581.jpg 187 160 260 216
0582.jpg 49 170 122 234
0583.jpg 193 162 334 278
0584.jpg 327 250 431 348
0585.jpg 8 118 112 226
0586.jpg 343 200 413 271
0587.jpg 341 134 399 196
0588.jpg 49 53 125 120
0589.jpg 356 206 440 322
0590.jpg 49 53 153 151
0591.jpg 4 30 161 178
0592.jpg 327 12 385 74
0593.jpg 6 213 92 295
0594.jpg 115 84 179 173
0595.jpg 215 223 331 305
0596.jpg 6 159 163 307
0597.jpg 5 68 146 184
0598.jpg 294 35 451 183
0599.jpg 357 60 433 167
0600.jpg 45 205 226 353
0601.jpg 302 244 444 342
0602.jpg 318 10 357 56
0603.jpg 231 101 401 249
0604.jpg 349 192 450 278
0605.jpg 397 88 476 159
0606.jpg 333 252 454 340
0607.jpg 366 128 442 195
0608.jpg 9 135 73 181
0609.jpg 151 260 246 346
0610.jpg 331 7 410 78
0611.jpg 41 210 162 298
0612.jpg 12 175 60 239
0613.jpg 322 137 401 208
0614.jpg 35 298 78 344
0615.jpg 126 290 184 352
0616.jpg 279 38 412 152
0617.jpg 366 183 450 299
0618.jpg 306 67 368 123
0619.jpg 426 35 468 90
0620.jpg 48 125 116 207
0621.jpg 217 228 373 336
0622.jpg 8 181 129 269
0623.jpg 136 33 271 160
0624.jpg 356 248 451 334
0625.jpg 94 5 262 121
0626.jpg 102 34 200 143
0627.jpg 322 243 367 303
0628.jpg 112 93 190 150
0629.jpg 136 39 260 187
0630.jpg 110 51 190 133
0631.jpg 62 238 132 327
0632.jpg 115 207 216 293
0633.jpg 307 53 408 125
0634.jpg 77 112 131 176
0635.jpg 79 189 206 298
0636.jpg 346 267 443 358
0637.jpg 233 276 343 358
0638.jpg 374 22 437 93
0639.jpg 330 290 406 357
0640.jpg 33 28 85 99
0641.jpg 21 146 119 255
0642.jpg 347 141 421 225
0643.jpg 321 11 405 127
0644.jpg 84 151 154 222
0645.jpg 88 75 164 182
0646.jpg 124 144 240 255
0647.jpg 323 85 458 233
0648.jpg 54 47 127 103
0649.jpg 195 282 259 328
0650.jpg 339 35 382 81
0651.jpg 20 37 75 83
0652.jpg 60 225 187 334
0653.jpg 172 145 257 217
0654.jpg 259 168 287 204
0655.jpg 33 191 137 299
0656.jpg 92 213 190 322
0657.jpg 0 148 147 276
0658.jpg 6 5 113 121
0659.jpg 1 174 118 322
0660.jpg 124 274 152 310
0661.jpg 152 240 238 322
0662.jpg 15 300 51 336
0663.jpg 103 244 224 350
0664.jpg 367 36 440 92
0665.jpg 137 222 253 333
0666.jpg 39 76 167 205
0667.jpg 375 184 451 291
0668.jpg 20 189 121 261
0669.jpg 114 141 249 289
0670.jpg 112 54 206 135
0671.jpg 174 98 254 180
0672.jpg 392 230 476 346
0673.jpg 309 105 416 253
0674.jpg 408 74 436 110
0675.jpg 129 205 230 291
0676.jpg 1 149 74 205
0677.jpg 1 73 67 136
0678.jpg 404 103 478 201
0679.jpg 295 82 331 118
0680.jpg 371 109 444 165
0681.jpg 104 53 237 167
0682.jpg 326 58 402 165
0683.jpg 201 281 237 317
0684.jpg 216 302 294 359
0685.jpg 147 245 248 317
0686.jpg 109 212 137 248
0687.jpg 32 109 93 191
0688.jpg 398 138 453 184
0689.jpg 155 281 204 327
0690.jpg 67 142 173 232
0691.jpg 76 179 127 235
0692.jpg 116 209 287 336
0693.jpg 69 118 160 230
0694.jpg 8 142 67 211
0695.jpg 203 207 295 273
0696.jpg 392 16 466 114
0697.jpg 359 148 479 277
0698.jpg 104 119 153 165
0699.jpg 95 185 143 249
0700.jpg 38 170 104 233
0701.jpg 171 52 306 179
0702.jpg 73 86 125 157
0703.jpg 410 170 459 216
0704.jpg 90 208 187 299
0705.jpg 330 236 415 334
0706.jpg 291 130 461 278
0707.jpg 163 203 277 301
0708.jpg 95 187 285 318
0709.jpg 23 95 120 186
0710.jpg 247 217 321 315
0711.jpg 301 205 408 353
0712.jpg 173 205 249 312
0713.jpg 16 180 70 244
0714.jpg 36 174 70 220
0715.jpg 363 6 415 77
0716.jpg 191 65 265 163
0717.jpg 151 267 202 323
0718.jpg 293 0 405 107
0719.jpg 41 4 185 112
0720.jpg 49 36 161 143
0721.jpg 323 212 368 272
0722.jpg 184 194 254 283
0723.jpg 24 302 63 348
0724.jpg 239 273 317 330
0725.jpg 220 38 321 110
0726.jpg 248 139 419 266
0727.jpg 374 236 423 282
0728.jpg 271 285 323 356
0729.jpg 232 102 338 192
0730.jpg 331 152 379 216
0731.jpg 385 74 453 156
0732.jpg 306 220 386 302
0733.jpg 231 15 311 97
0734.jpg 34 266 144 348
0735.jpg 30 268 115 340
0736.jpg 309 206 464 322
0737.jpg 212 244 251 290
0738.jpg 64 100 125 182
0739.jpg 291 4 435 112
0740.jpg 120 253 188 335
0741.jpg 49 92 94 152
0742.jpg 355 228 463 356
0743.jpg 369 182 445 289
0744.jpg 41 152 100 221
0745.jpg 85 21 140 67
0746.jpg 270 2 391 90
0747.jpg 354 93 458 191
0748.jpg 45 119 109 165
0749.jpg 395 187 443 251
0750.jpg 149 241 194 301
0751.jpg 250 178 334 241
0752.jpg 315 197 462 325
0753.jpg 423 162 474 218
0754.jpg 11 280 69 342
0755.jpg 345 110 449 218
0756.jpg 62 50 192 139
0757.jpg 14 75 105 187
0758.jpg 1 97 131 245
0759.jpg 378 3 436 65
0760.jpg 36 224 157 330
0761.jpg 22 44 121 160
0762.jpg 71 18 215 126
0763.jpg 193 127 221 163
0764.jpg 74 66 117 112
0765.jpg 4 49 66 105
0766.jpg 320 4 379 73
0767.jpg 40 151 154 249
0768.jpg 400 203 463 274
0769.jpg 333 259 449 341
0770.jpg 62 25 176 123
0771.jpg 152 195 186 241
0772.jpg 131 193 245 291
0773.jpg 27 104 155 233
0774.jpg 94 164 130 200
0775.jpg 336 245 387 301
0776.jpg 55 178 97 233
0777.jpg 241 194 335 275
0778.jpg 105 170 212 318
0779.jpg 120 106 252 204
0780.jpg 149 163 240 275
0781.jpg 73 241 206 355
0782.jpg 86 6 147 88
0783.jpg 33 81 126 187
0784.jpg 12 152 70 214
0785.jpg 183 230 284 302
0786.jpg 250 299 299 345
0787.jpg 201 217 356 333
0788.jpg 89 218 195 308
0789.jpg 371 265 425 329
0790.jpg 136 295 184 359
0791.jpg 2 4 94 70
0792.jpg 336 21 446 103
0793.jpg 57 196 169 303
0794.jpg 322 29 414 95
0795.jpg 27 295 75 331
0796.jpg 219 247 295 314
0797.jpg 24 41 147 157
0798.jpg 412 82 464 153
0799.jpg 197 256 259 312
0800.jpg 406 253 479 317
0801.jpg 27 200 61 246
0802.jpg 282 2 355 66
0803.jpg 164 270 244 352
0804.jpg 51 99 181 247
0805.jpg 38 27 118 109
0806.jpg 106 43 207 115
0807.jpg 30 136 75 196
0808.jpg 171 284 205 330
0809.jpg 261 251 382 339
0810.jpg 192 13 368 144
0811.jpg 233 61 261 97
0812.jpg 31 110 105 208
0813.jpg 205 32 257 103
0814.jpg 88 188 154 251
0815.jpg 6 50 162 179
0816.jpg 29 106 109 188
0817.jpg 394 229 436 284
0818.jpg 350 212 436 294
0819.jpg 268 214 353 286
0820.jpg 120 272 163 318
0821.jpg 387 246 421 292
0822.jpg 65 209 124 278
0823.jpg 383 165 428 225
0824.jpg 331 85 478 213
0825.jpg 333 211 425 277
0826.jpg 32 85 159 194
0827.jpg 339 172 431 238
0828.jpg 6 77 91 185
0829.jpg 97 236 241 344
0830.jpg 247 22 361 120
0831.jpg 134 233 208 317
0832.jpg 35 210 165 358
0833.jpg 319 274 393 358
0834.jpg 18 146 160 244
0835.jpg 354 232 396 287
0836.jpg 262 14 340 71
0837.jpg 39 25 101 81
0838.jpg 412 52 476 141
0839.jpg 209 232 364 348
0840.jpg 236 0 287 56
0841.jpg 338 174 412 272
0842.jpg 111 17 172 99
0843.jpg 169 239 299 328
0844.jpg 367 135 459 263
0845.jpg 185 21 246 103
0846.jpg 372 11 470 120
0847.jpg 91 135 180 222
0848.jpg 98 51 153 97
0849.jpg 137 292 215 349
0850.jpg 101 257 140 303
0851.jpg 21 16 63 71
0852.jpg 58 144 131 200
0853.jpg 192 4 253 86
0854.jpg 300 199 420 328
0855.jpg 15 34 161 182
0856.jpg 275 214 303 250
0857.jpg 28 128 106 185
0858.jpg 22 184 98 251
0859.jpg 62 142 142 224
0860.jpg 153 35 323 183
0861.jpg 361 41 412 97
0862.jpg 303 145 419 227
0863.jpg 126 3 199 59
0864.jpg 334 52 388 116
0865.jpg 89 21 186 112
0866.jpg 338 28 454 139
0867.jpg 111 20 202 132
0868.jpg 82 14 121 60
0869.jpg 201 51 243 106
0870.jpg 409 189 467 251
0871.jpg 31 20 73 75
0872.jpg 375 86 423 122
0873.jpg 17 108 138 214
0874.jpg 26 128 112 210
0875.jpg 11 221 141 310
0876.jpg 6 168 120 266
0877.jpg 196 139 291 225
0878.jpg 210 44 283 100
0879.jpg 2 139 110 267
0880.jpg 347 73 447 202
0881.jpg 184 26 227 72
0882.jpg 345 218 457 325
0883.jpg 110 237 162 308
0884.jpg 210 8 290 90
0885.jpg 341 24 462 130
0886.jpg 137 230 205 312
0887.jpg 298 44 374 151
0888.jpg 352 181 428 288
0889.jpg 17 92 66 138
0890.jpg 418 211 466 247
0891.jpg 364 273 428 319
0892.jpg 285 191 399 289
0893.jpg 40 179 147 327
0894.jpg 114 172 200 254
0895.jpg 346 84 460 182
0896.jpg 149 248 259 330
0897.jpg 296 160 404 288
0898.jpg 342 44 442 173
0899.jpg 77 90 138 172
0900.jpg 25 19 86 101
0901.jpg 128 33 173 93
0902.jpg 128 295 190 351
0903.jpg 34 9 135 81
0904.jpg 291 12 359 94
0905.jpg 405 42 466 124
0906.jpg 104 229 272 345
0907.jpg 174 253 226 324
0908.jpg 64 134 164 263
0909.jpg 22 191 143 279
0910.jpg 435 279 477 334
0911.jpg 3 27 88 125
0912.jpg 342 30 406 76
0913.jpg 128 18 212 81
0914.jpg 356 237 451 335
0915.jpg 77 44 141 133
0916.jpg 6 147 61 193
0917.jpg 47 62 155 190
0918.jpg 151 171 212 253
0919.jpg 298 8 340 63
0920.jpg 155 158 294 288
0921.jpg 113 224 248 351
0922.jpg 336 166 400 212
0923.jpg 89 154 178 241
0924.jpg 48 22 205 170
0925.jpg 104 198 188 261
0926.jpg 172 224 311 354
0927.jpg 267 20 374 136
0928.jpg 360 135 419 204
0929.jpg 270 187 355 295
0930.jpg 297 169 397 298
0931.jpg 409 149 463 213
0932.jpg 125 132 203 189
0933.jpg 378 124 473 222
0934.jpg 388 115 461 171
0935.jpg 148 200 187 246
0936.jpg 14 215 118 313
0937.jpg 272 199 379 347
0938.jpg 359 138 459 267
0939.jpg 367 257 412 317
0940.jpg 345 32 443 141
0941.jpg 62 150 124 206
0942.jpg 294 264 400 354
0943.jpg 382 168 431 214
0944.jpg 390 117 464 201
0945.jpg 18 43 162 151
0946.jpg 121 71 228 219
0947.jpg 10 20 117 136
0948.jpg 34 133 107 189
0949.jpg 70 207 205 355
0950.jpg 139 163 243 271
0951.jpg 134 29 235 115
0952.jpg 179 42 283 140
0953.jpg 135 158 258 274
0954.jpg 304 227 383 298
0955.jpg 10 123 84 221
0956.jpg 273 251 325 322
0957.jpg 317 187 438 275
0958.jpg 118 227 246 356
0959.jpg 212 266 307 352
0960.jpg 21 132 106 240
0961.jpg 71 187 162 299
0962.jpg 31 255 116 353
0963.jpg 361 5 473 112
0964.jpg 18 124 66 160
0965.jpg 387 143 476 230
0966.jpg 392 202 465 266
0967.jpg 49 44 110 126
0968.jpg 126 48 190 94
0969.jpg 9 165 73 211
0970.jpg 419 252 471 323
0971.jpg 267 209 383 291
0972.jpg 53 178 114 260
0973.jpg 305 100 378 156
0974.jpg 76 221 131 267
0975.jpg 121 256 157 292
0976.jpg 15 118 78 189
0977.jpg 48 10 147 126
0978.jpg 351 26 468 174
0979.jpg 320 10 398 67
0980.jpg 322 151 477 267
0981.jpg 344 7 479 155
0982.jpg 331 52 466 200
0983.jpg 141 295 195 359
0984.jpg 140 207 202 263
0985.jpg 50 193 174 341
0986.jpg 66 21 139 85
0987.jpg 59 209 151 275
0988.jpg 64 143 245 291
0989.jpg 8 85 112 193
0990.jpg 279 32 338 101
0991.jpg 165 10 307 108
0992.jpg 0 165 92 231
0993.jpg 91 22 198 138
0994.jpg 254 0 297 46
0995.jpg 61 191 231 339
0996.jpg 362 266 416 330
0997.jpg 257 77 380 193
0998.jpg 335 47 420 119
0999.jpg 205 187 360 303
1000.jpg 325 72 446 160
0001.jpg 239 140 394 256
0002.jpg 23 143 144 249
0003.jpg 384 126 452 208
0004.jpg 69 254 114 314
0005.jpg 6 245 45 291
0006.jpg 264 62 371 210
0007.jpg 298 232 383 340
0008.jpg 250 130 371 236
0009.jpg 399 54 463 143
0010.jpg 325 22 384 91
0011.jpg 232 21 280 85
0012.jpg 341 88 435 169
0013.jpg 349 136 440 248
0014.jpg 174 257 240 320
0015.jpg 307 76 442 224
0016.jpg 40 153 74 199
0017.jpg 380 147 416 183
0018.jpg 380 152 472 218
0019.jpg 327 121 355 157
0020.jpg 309 46 464 162
0021.jpg 167 14 195 50
0022.jpg 327 232 382 278
0023.jpg 335 69 439 167
0024.jpg 339 72 384 132
0025.jpg 156 18 190 64
0026.jpg 387 239 463 346
0027.jpg 365 217 466 303
0028.jpg 287 210 415 339
0029.jpg 400 173 468 255
0030.jpg 356 75 415 144
0031.jpg 283 195 363 285
0032.jpg 45 232 230 359
0033.jpg 185 187 248 258
0034.jpg 275 274 334 343
0035.jpg 367 1 461 82
0036.jpg 406 86 448 141
0037.jpg 141 210 283 308
0038.jpg 106 227 165 296
0039.jpg 355 225 449 306
0040.jpg 301 10 337 46
0041.jpg 124 201 241 349
0042.jpg 6 225 54 261
0043.jpg 126 298 165 344
0044.jpg 312 241 404 307
0045.jpg 144 35 202 97
0046.jpg 289 134 353 180
0047.jpg 159 189 300 305
0048.jpg 352 196 425 252
0049.jpg 322 181 439 329
0050.jpg 241 215 431 346
0051.jpg 223 213 268 273
0052.jpg 173 34 273 163
0053.jpg 201 210 293 338
0054.jpg 191 271 277 353
0055.jpg 386 213 465 284
0056.jpg 114 196 258 304
0057.jpg 311 223 434 339
0058.jpg 371 105 445 189
0059.jpg 51 82 109 144
0060.jpg 373 92 441 174
0061.jpg 344 121 435 233
0062.jpg 166 201 230 247
0063.jpg 9 211 125 322
0064.jpg 416 132 475 201
0065.jpg 210 309 244 355
0066.jpg 385 109 479 190
0067.jpg 424 57 463 103
0068.jpg 28 114 90 170
0069.jpg 120 237 236 348
0070.jpg 312 233 370 295
0071.jpg 307 112 462 228
0072.jpg 178 213 354 344
0073.jpg 176 264 292 346
0074.jpg 160 215 234 299
0075.jpg 102 163 176 261
0076.jpg 54 273 118 319
0077.jpg 397 6 445 42
0078.jpg 339 37 474 164
0079.jpg 269 107 454 234
0080.jpg 397 44 470 108
0081.jpg 205 215 361 344
0082.jpg 138 185 216 242
0083.jpg 136 141 190 205
0084.jpg 182 179 258 286
0085.jpg 70 110 155 208
0086.jpg 142 110 281 240
0087.jpg 94 181 174 263
0088.jpg 8 100 155 228
0089.jpg 227 288 270 334
0090.jpg 46 129 110 218
0091.jpg 371 76 460 163
0092.jpg 335 193 465 282
0093.jpg 282 207 412 355
0094.jpg 256 194 332 301
0095.jpg 99 243 241 341
0096.jpg 109 24 264 140
0097.jpg 92 231 227 358
0098.jpg 81 279 130 325
0099.jpg 325 214 411 296
0100.jpg 333 255 406 311
0101.jpg 63 20 136 76
0102.jpg 343 58 371 94
0103.jpg 15 227 54 273
0104.jpg 340 1 403 72
0105.jpg 18 193 73 239
0106.jpg 202 224 310 352
0107.jpg 249 172 344 270
0108.jpg 325 215 441 326
0109.jpg 371 43 457 125
0110.jpg 177 1 262 99
0111.jpg 432 38 468 74
0112.jpg 157 231 290 345
0113.jpg 364 71 470 161
0114.jpg 27 43 66 89
0115.jpg 432 178 466 224
0116.jpg 122 163 207 235
0117.jpg 387 236 446 305
0118.jpg 307 118 399 246
0119.jpg 6 16 74 98
0120.jpg 274 205 418 313
0121.jpg 226 177 269 223
0122.jpg 301 5 352 61
0123.jpg 114 106 188 204
0124.jpg 364 14 461 105
0125.jpg 356 267 384 303
0126.jpg 253 290 292 336
0127.jpg 48 17 176 146
0128.jpg 123 223 294 350
0129.jpg 298 218 414 329
0130.jpg 261 7 365 105
0131.jpg 343 80 428 152
0132.jpg 339 153 440 239
0133.jpg 76 134 165 221
0134.jpg 219 221 317 330
0135.jpg 323 17 384 99
0136.jpg 186 239 313 348
0137.jpg 103 150 177 234
0138.jpg 154 243 220 306
0139.jpg 330 242 421 354
0140.jpg 317 77 376 146
0141.jpg 280 51 328 87
0142.jpg 286 175 410 323
0143.jpg 323 45 377 109
0144.jpg 340 63 388 99
0145.jpg 297 14 370 78
0146.jpg 339 30 443 138
0147.jpg 85 266 179 347
0148.jpg 327 269 407 359
0149.jpg 396 303 424 339
0150.jpg 2 288 50 352
0151.jpg 31 206 59 242
0152.jpg 16 160 117 246
0153.jpg 31 225 159 354
0154.jpg 419 216 471 287
0155.jpg 139 99 182 145
0156.jpg 389 160 447 222
0157.jpg 337 108 422 216
0158.jpg 382 2 479 93
0159.jpg 314 128 446 226
0160.jpg 331 287 373 342
0161.jpg 273 3 389 85
0162.jpg 235 159 392 307
0163.jpg 14 132 84 203
0164.jpg 34 40 100 103
0165.jpg 198 1 268 72
0166.jpg 98 223 192 304
0167.jpg 260 208 458 356
0168.jpg 11 132 63 203
0169.jpg 345 267 390 327
0170.jpg 116 33 201 105
0171.jpg 341 205 445 303
0172.jpg 15 237 79 283
0173.jpg 16 15 92 122
0174.jpg 246 214 314 296
0175.jpg 365 26 417 97
0176.jpg 178 244 214 280
0177.jpg 367 41 452 149
0178.jpg 202 214 275 270
0179.jpg 251 209 285 255
0180.jpg 2 93 61 162
0181.jpg 171 18 245 102
0182.jpg 396 230 458 286
0183.jpg 323 114 399 181
0184.jpg 333 47 441 175
0185.jpg 147 45 221 143
0186.jpg 293 220 367 304
0187.jpg 168 213 301 327
0188.jpg 58 26 122 72
0189.jpg 268 186 444 317
0190.jpg 353 118 411 180
0191.jpg 424 88 478 152
0192.jpg 83 261 199 343
0193.jpg 278 16 405 125
0194.jpg 88 173 234 321
0195.jpg 58 320 106 356
0196.jpg 350 13 426 120
0197.jpg 237 26 364 135
0198.jpg 265 209 308 255
0199.jpg 58 311 97 357
0200.jpg 63 69 136 133
0201.jpg 148 260 222 344
0202.jpg 2 33 41 79
0203.jpg 356 177 455 293
0204.jpg 245 28 279 74
0205.jpg 5 44 160 160
0206.jpg 346 227 407 309
0207.jpg 295 25 386 137
0208.jpg 306 133 436 281
0209.jpg 385 225 469 341
0210.jpg 53 45 104 101
0211.jpg 11 152 127 263
0212.jpg 362 114 417 160
0213.jpg 275 202 416 318
0214.jpg 233 223 313 313
0215.jpg 134 43 185 99
0216.jpg 58 119 144 201
0217.jpg 88 169 173 267
0218.jpg 263 2 355 130
0219.jpg 100 281 139 327
0220.jpg 152 50 252 179
0221.jpg 131 212 199 294
0222.jpg 129 206 314 333
0223.jpg 3 163 171 279
0224.jpg 308 124 429 212
0225.jpg 103 52 167 98
0226.jpg 172 217 200 253
0227.jpg 312 63 424 170
0228.jpg 197 213 282 285
0229.jpg 215 192 315 321
0230.jpg 120 108 179 177
0231.jpg 70 241 171 313
0232.jpg 199 256 272 320
0233.jpg 347 44 399 115
0234.jpg 44 4 128 120
0235.jpg 391 209 464 265
0236.jpg 8 159 163 275
0237.jpg 342 107 472 255
0238.jpg 314 98 430 209
0239.jpg 394 72 443 118
0240.jpg 133 195 253 324
0241.jpg 381 294 432 350
0242.jpg 132 239 180 275
0243.jpg 333 47 367 93
0244.jpg 26 255 158 353
0245.jpg 168 164 274 254
0246.jpg 38 223 106 305
0247.jpg 366 285 425 354
0248.jpg 7 267 123 349
0249.jpg 309 41 465 170
0250.jpg 88 180 136 244
0251.jpg 22 235 80 297
0252.jpg 196 250 290 331
0253.jpg 395 176 443 240
0254.jpg 298 52 402 150
0255.jpg 273 91 397 239
0256.jpg 4 72 70 135
0257.jpg 330 257 451 345
0258.jpg 105 92 178 148
0259.jpg 60 140 115 186
0260.jpg 219 112 281 168
0261.jpg 67 174 131 263
0262.jpg 342 254 448 344
0263.jpg 102 225 191 312
0264.jpg 33 186 147 314
0265.jpg 1 207 191 338
0266.jpg 313 103 393 193
0267.jpg 41 0 142 72
0268.jpg 326 199 387 281
0269.jpg 372 277 457 349
0270.jpg 9 140 123 238
0271.jpg 55 131 148 237
0272.jpg 304 111 402 220
0273.jpg 304 193 434 341
0274.jpg 390 74 460 145
0275.jpg 41 57 111 146
0276.jpg 119 37 197 94
0277.jpg 400 191 439 237
0278.jpg 72 235 148 342
0279.jpg 234 249 329 335
0280.jpg 185 257 299 355
0281.jpg 109 312 143 358
0282.jpg 84 39 154 128
0283.jpg 3 165 31 201
0284.jpg 9 175 83 259
0285.jpg 199 227 319 356
0286.jpg 6 87 163 235
0287.jpg 83 259 180 350
0288.jpg 11 32 106 118
0289.jpg 343 51 428 149
0290.jpg 65 186 101 222
0291.jpg 412 246 470 308
0292.jpg 80 140 131 196
0293.jpg 10 71 103 177
0294.jpg 62 252 96 298
0295.jpg 45 163 166 269
0296.jpg 74 182 154 272
0297.jpg 255 123 350 209
0298.jpg 280 168 375 254
0299.jpg 231 158 373 256
0300.jpg 237 196 321 312
0301.jpg 110 225 220 307
0302.jpg 0 79 62 135
0303.jpg 325 104 442 252
0304.jpg 157 237 220 308
0305.jpg 102 22 186 85
0306.jpg 40 20 150 102
0307.jpg 18 32 77 101
0308.jpg 353 251 459 341
0309.jpg 7 15 75 97
0310.jpg 118 3 157 49
0311.jpg 257 16 455 164
0312.jpg 287 102 342 148
0313.jpg 4 13 120 95
0314.jpg 396 127 445 173
0315.jpg 4 265 52 301
0316.jpg 60 194 94 240
0317.jpg 133 256 206 320
0318.jpg 367 288 395 324
0319.jpg 367 214 479 321
0320.jpg 357 172 421 218
0321.jpg 381 135 449 217
0322.jpg 132 240 186 304
0323.jpg 329 9 468 139
0324.jpg 92 215 177 287
0325.jpg 112 55 157 115
0326.jpg 22 267 123 353
0327.jpg 291 6 432 122
0328.jpg 98 281 164 344
0329.jpg 245 36 362 184
0330.jpg 260 203 404 311
0331.jpg 418 203 479 285
0332.jpg 122 220 223 306
0333.jpg 339 69 424 167
0334.jpg 119 53 183 142
0335.jpg 221 72 348 181
0336.jpg 325 24 429 122
0337.jpg 48 25 143 123
0338.jpg 408 109 466 171
0339.jpg 281 286 359 343
0340.jpg 403 153 442 199
0341.jpg 74 284 144 355
0342.jpg 202 170 309 286
0343.jpg 47 211 174 320
0344.jpg 226 112 288 168
0345.jpg 81 218 209 347
0346.jpg 204 202 253 248
0347.jpg 29 5 84 51
0348.jpg 4 227 189 354
0349.jpg 88 189 158 260
0350.jpg 189 300 253 346
0351.jpg 200 67 321 173
0352.jpg 96 245 188 311
0353.jpg 349 82 456 198
0354.jpg 35 80 155 209
0355.jpg 336 224 466 313
0356.jpg 339 9 446 125
0357.jpg 98 200 146 264
0358.jpg 342 88 415 152
0359.jpg 359 227 473 355
0360.jpg 357 201 433 308
0361.jpg 212 271 255 317
0362.jpg 255 164 390 312
0363.jpg 321 50 422 122
0364.jpg 264 199 328 245
0365.jpg 185 155 219 201
0366.jpg 283 239 404 327
0367.jpg 297 178 375 235
0368.jpg 249 5 315 68
0369.jpg 209 202 289 292
0370.jpg 274 55 360 137
0371.jpg 395 5 446 61
0372.jpg 33 63 75 118
0373.jpg 9 1 151 99
0374.jpg 13 94 92 165
0375.jpg 164 53 213 99
0376.jpg 83 29 190 177
0377.jpg 54 94 178 242
0378.jpg 34 168 110 275
0379.jpg 118 34 224 124
0380.jpg 340 49 368 85
0381.jpg 38 89 194 218
0382.jpg 35 0 127 66
0383.jpg 242 199 413 326
0384.jpg 220 18 334 116
0385.jpg 365 145 445 235
0386.jpg 5 63 138 177
0387.jpg 52 27 104 98
0388.jpg 228 71 426 219
0389.jpg 104 105 177 161
0390.jpg 120 1 266 149
0391.jpg 194 185 287 291
0392.jpg 210 77 252 132
0393.jpg 210 39 326 150
0394.jpg 233 135 349 246
0395.jpg 1 42 86 140
0396.jpg 120 217 193 273
0397.jpg 330 42 414 158
0398.jpg 210 128 331 234
0399.jpg 350 124 462 231
0400.jpg 349 3 401 74
0401.jpg 288 17 361 81
0402.jpg 380 262 419 308
0403.jpg 194 252 239 312
0404.jpg 170 90 219 136
0405.jpg 347 251 477 340
0406.jpg 18 128 92 226
0407.jpg 18 210 73 256
0408.jpg 86 91 159 155
0409.jpg 51 55 79 91
0410.jpg 372 31 471 147
0411.jpg 7 197 137 345
0412.jpg 96 95 196 224
0413.jpg 69 69 111 124
0414.jpg 22 88 177 204
0415.jpg 402 266 475 322
0416.jpg 401 147 446 207
0417.jpg 116 7 273 155
0418.jpg 117 178 238 266
0419.jpg 35 160 250 308
0420.jpg 247 31 354 179
0421.jpg 317 170 403 252
0422.jpg 27 119 162 246
0423.jpg 40 110 133 216
0424.jpg 238 262 318 352
0425.jpg 327 299 405 356
0426.jpg 358 269 397 315
0427.jpg 348 110 449 182
0428.jpg 354 0 420 63
0429.jpg 379 135 465 217
0430.jpg 239 5 284 65
0431.jpg 50 279 142 345
0432.jpg 140 205 204 294
0433.jpg 204 233 280 340
0434.jpg 206 210 261 256
0435.jpg 203 268 288 340
0436.jpg 50 34 136 116
0437.jpg 385 7 458 63
0438.jpg 383 92 461 149
0439.jpg 19 159 103 275
0440.jpg 326 1 405 72
0441.jpg 192 250 313 356
0442.jpg 58 90 174 201
0443.jpg 50 132 220 280
0444.jpg 11 82 167 211
0445.jpg 69 230 158 317
0446.jpg 29 119 164 267
0447.jpg 320 154 390 243
0448.jpg 346 182 445 298
0449.jpg 65 229 117 300
0450.jpg 399 46 473 130
0451.jpg 74 239 206 337
0452.jpg 366 257 445 328
0453.jpg 82 219 217 346
0454.jpg 16 224 149 338
0455.jpg 335 235 441 325
0456.jpg 359 198 407 262
0457.jpg 27 253 91 299
0458.jpg 252 98 337 206
0459.jpg 85 176 165 258
0460.jpg 353 190 437 253
0461.jpg 7 201 163 330
0462.jpg 133 243 237 341
0463.jpg 48 169 140 235
0464.jpg 31 178 147 260
0465.jpg 106 259 201 345
0466.jpg 391 217 436 277
0467.jpg 174 248 216 303
0468.jpg 117 129 179 185
0469.jpg 384 10 443 79
0470.jpg 182 210 262 292
0471.jpg 28 217 184 325
0472.jpg 11 130 112 216
0473.jpg 12 285 66 349
0474.jpg 8 213 105 304
0475.jpg 432 270 466 316
0476.jpg 395 157 431 193
0477.jpg 99 187 243 295
0478.jpg 74 132 153 203
0479.jpg 356 218 399 264
0480.jpg 20 15 74 79
0481.jpg 414 297 478 343
0482.jpg 40 104 170 252
0483.jpg 368 202 453 274
0484.jpg 48 286 133 358
0485.jpg 127 187 273 335
0486.jpg 110 27 257 155
0487.jpg 209 57 285 124
0488.jpg 243 9 366 125
0489.jpg 29 99 139 181
0490.jpg 4 202 118 330
0491.jpg 22 233 143 339
0492.jpg 275 41 360 139
0493.jpg 154 43 209 89
0494.jpg 381 138 459 195
0495.jpg 175 208 270 306
0496.jpg 288 284 358 355
0497.jpg 98 25 153 71
0498.jpg 51 142 103 213
0499.jpg 148 61 280 159
0500.jpg 391 280 436 340
0501.jpg 145 48 240 146
0502.jpg 142 15 216 99
0503.jpg 345 223 440 309
0504.jpg 311 213 362 269
0505.jpg 198 255 252 319
0506.jpg 356 197 456 326
0507.jpg 285 89 466 237
0508.jpg 317 159 452 307
0509.jpg 81 41 132 97
0510.jpg 17 212 114 303
0511.jpg 76 247 110 293
0512.jpg 358 276 436 333
0513.jpg 413 12 475 68
0514.jpg 355 220 469 318
0515.jpg 61 88 189 217
0516.jpg 379 60 478 176
0517.jpg 7 168 153 316
0518.jpg 14 208 98 271
0519.jpg 400 213 474 311
0520.jpg 45 242 121 309
0521.jpg 404 278 443 324
0522.jpg 346 267 419 323
0523.jpg 307 178 365 240
0524.jpg 356 51 441 159
0525.jpg 18 233 139 321
0526.jpg 296 242 369 298
0527.jpg 207 212 311 310
0528.jpg 15 57 116 129
0529.jpg 10 36 49 82
0530.jpg 335 258 445 340
0531.jpg 53 23 129 130
0532.jpg 17 137 138 225
0533.jpg 122 94 198 161
0534.jpg 179 74 311 172
0535.jpg 341 173 436 259
0536.jpg 105 70 206 142
0537.jpg 140 103 260 232
0538.jpg 249 42 334 140
0539.jpg 228 53 287 122
0540.jpg 46 249 147 335
0541.jpg 36 54 110 138
0542.jpg 268 247 369 333
0543.jpg 70 24 174 132
0544.jpg 270 173 405 300
0545.jpg 18 10 162 118
0546.jpg 262 195 383 301
0547.jpg 16 171 92 238
0548.jpg 279 108 337 170
0549.jpg 18 137 128 219
0550.jpg 317 239 459 337
0551.jpg 354 129 396 184
0552.jpg 353 207 448 305
0553.jpg 309 82 444 230
0554.jpg 165 65 272 181
0555.jpg 356 76 430 160
0556.jpg 151 186 284 300
0557.jpg 95 183 163 265
0558.jpg 58 251 109 307
0559.jpg 120 84 215 170
0560.jpg 13 204 81 286
0561.jpg 122 99 156 145
0562.jpg 352 30 436 146
0563.jpg 93 115 138 175
0564.jpg 71 250 172 336
0565.jpg 34 91 76 146
0566.jpg 12 37 169 185
0567.jpg 87 11 197 93
0568.jpg 13 19 86 83
0569.jpg 76 115 110 161
0570.jpg 344 59 420 166
0571.jpg 369 236 467 345
0572.jpg 380 177 464 293
0573.jpg 112 33 190 90
0574.jpg 273 50 365 116
0575.jpg 95 22 202 170
0576.jpg 205 182 332 291
0577.jpg 6 163 90 226
0578.jpg 379 24 458 95
0579.jpg 140 268 195 314
0580.jpg 36 241 166 330
0581.jpg 185 182 324 312
0582.jpg 364 65 461 156
0583.jpg 230 114 337 262
0584.jpg 369 122 397 158
0585.jpg 314 15 387 71
0586.jpg 3 1 92 88
0587.jpg 74 194 116 249
0588.jpg 382 214 466 277
0589.jpg 116 220 194 277
0590.jpg 24 120 87 191
0591.jpg 219 241 283 330
0592.jpg 30 254 114 317
0593.jpg 218 188 325 336
0594.jpg 125 93 180 139
0595.jpg 274 263 354 345
0596.jpg 66 69 155 156
0597.jpg 360 9 402 64
0598.jpg 290 134 461 261
0599.jpg 41 260 126 358
0600.jpg 212 258 297 356
0601.jpg 11 268 141 357
0602.jpg 391 100 476 198
0603.jpg 308 178 367 247
0604.jpg 17 266 118 352
0605.jpg 213 188 283 277
0606.jpg 314 214 461 342
0607.jpg 13 78 77 124
0608.jpg 41 102 96 148
0609.jpg 88 11 131 57
0610.jpg 4 124 66 180
0611.jpg 332 25 405 89
0612.jpg 270 218 349 289
0613.jpg 383 56 468 154
0614.jpg 308 145 479 272
0615.jpg 295 241 338 287
0616.jpg 259 194 351 260
0617.jpg 362 58 472 140
0618.jpg 329 93 443 191
0619.jpg 3 214 88 322
0620.jpg 86 295 152 358
0621.jpg 374 121 440 184
0622.jpg 365 237 456 349
0623.jpg 121 295 194 359
0624.jpg 70 49 169 165
0625.jpg 45 41 189 149
0626.jpg 164 115 206 170
0627.jpg 219 8 298 79
0628.jpg 274 286 347 342
0629.jpg 322 253 443 359
0630.jpg 102 13 175 77
0631.jpg 49 26 133 142
0632.jpg 359 3 411 74
0633.jpg 390 208 463 272
0634.jpg 312 205 413 291
0635.jpg 313 107 440 216
0636.jpg 314 211 369 257
0637.jpg 185 224 249 270
0638.jpg 21 133 119 242
0639.jpg 90 175 213 291
0640.jpg 311 49 443 147
0641.jpg 156 241 211 287
0642.jpg 186 114 256 203
0643.jpg 45 93 175 241
0644.jpg 46 195 144 304
0645.jpg 206 206 323 354
0646.jpg 235 189 345 271
0647.jpg 238 10 453 158
0648.jpg 187 209 261 293
0649.jpg 239 2 287 66
0650.jpg 171 266 234 337
0651.jpg 233 287 296 358
0652.jpg 376 177 456 259
0653.jpg 51 65 106 111
0654.jpg 66 52 222 181
0655.jpg 387 180 466 251
0656.jpg 34 232 175 348
0657.jpg 135 206 171 242
0658.jpg 394 25 433 71
0659.jpg 359 138 417 200
0660.jpg 209 16 287 73
0661.jpg 362 61 447 169
0662.jpg 3 122 71 204
0663.jpg 32 204 106 288
0664.jpg 37 108 151 236
0665.jpg 6 119 187 267
0666.jpg 328 70 376 134
0667.jpg 6 175 80 259
0668.jpg 29 204 84 250
0669.jpg 15 227 142 336
0670.jpg 156 233 236 323
0671.jpg 172 284 224 355
0672.jpg 283 213 384 285
0673.jpg 246 234 288 289
0674.jpg 292 212 399 328
0675.jpg 100 186 178 243
0676.jpg 234 241 402 357
0677.jpg 46 200 137 312
0678.jpg 118 255 154 291
0679.jpg 83 1 281 149
0680.jpg 190 241 334 349
0681.jpg 38 117 86 153
0682.jpg 169 226 262 332
0683.jpg 262 215 357 301
0684.jpg 340 37 460 166
0685.jpg 119 238 210 350
0686.jpg 68 4 154 86
0687.jpg 353 6 457 114
0688.jpg 108 209 181 273
0689.jpg 143 42 182 88
0690.jpg 136 19 202 82
0691.jpg 48 205 87 251
0692.jpg 293 216 394 288
0693.jpg 368 52 442 136
0694.jpg 395 121 444 167
0695.jpg 248 218 322 302
0696.jpg 56 100 141 198
0697.jpg 218 5 362 113
0698.jpg 105 180 153 216
0699.jpg 18 11 164 159
0700.jpg 22 241 85 312
0701.jpg 402 116 476 200
0702.jpg 323 71 409 153
0703.jpg 45 265 106 347
0704.jpg 287 188 341 252
0705.jpg 307 59 435 188
0706.jpg 380 29 477 120
0707.jpg 208 98 284 205
0708.jpg 373 93 467 174
0709.jpg 112 13 232 142
0710.jpg 63 125 136 189
0711.jpg 191 246 295 354
0712.jpg 54 205 252 353
0713.jpg 374 213 466 341
0714.jpg 353 23 417 112
0715.jpg 41 52 151 134
0716.jpg 336 59 456 188
0717.jpg 371 142 419 178
0718.jpg 353 110 445 176
0719.jpg 259 291 307 327
0720.jpg 360 109 403 155
0721.jpg 238 230 297 299
0722.jpg 93 197 193 326
0723.jpg 351 14 412 96
0724.jpg 393 96 455 152
0725.jpg 109 39 179 110
0726.jpg 267 6 388 112
0727.jpg 37 19 151 117
0728.jpg 280 205 328 269
0729.jpg 124 295 172 359
0730.jpg 214 199 356 297
0731.jpg 28 211 73 271
0732.jpg 313 232 386 296
0733.jpg 403 194 448 254
0734.jpg 299 206 467 322
0735.jpg 324 238 431 354
0736.jpg 314 269 378 358
0737.jpg 275 55 372 146
0738.jpg 157 5 251 86
0739.jpg 206 40 350 148
0740.jpg 358 94 428 183
0741.jpg 100 4 161 86
0742.jpg 34 253 83 299
0743.jpg 96 193 238 291
0744.jpg 43 50 119 117
0745.jpg 36 219 116 309
0746.jpg 22 203 134 310
0747.jpg 372 162 476 270
0748.jpg 0 242 48 278
0749.jpg 361 202 446 300
0750.jpg 327 224 390 295
0751.jpg 346 73 430 189
0752.jpg 14 208 107 314
0753.jpg 15 254 69 318
0754.jpg 103 212 187 275
0755.jpg 330 30 373 76
0756.jpg 16 27 58 82
0757.jpg 105 196 163 258
0758.jpg 63 144 193 233
0759.jpg 73 19 124 75
0760.jpg 96 176 157 258
0761.jpg 24 17 72 53
0762.jpg 29 4 114 102
0763.jpg 120 173 188 255
0764.jpg 146 181 239 287
0765.jpg 17 255 87 326
0766.jpg 337 13 403 76
0767.jpg 63 272 164 344
0768.jpg 54 105 184 253
0769.jpg 357 103 418 185
0770.jpg 33 35 150 183
0771.jpg 284 1 339 47
0772.jpg 140 212 237 303
0773.jpg 353 228 452 344
0774.jpg 23 46 78 92
0775.jpg 51 64 103 135
0776.jpg 257 12 306 58
0777.jpg 279 57 447 173
0778.jpg 47 174 155 302
0779.jpg 276 39 340 128
0780.jpg 262 119 338 226
0781.jpg 151 147 250 263
0782.jpg 7 215 62 261
0783.jpg 346 233 408 289
0784.jpg 29 223 133 331
0785.jpg 255 121 339 237
0786.jpg 9 202 179 350
0787.jpg 33 250 154 356
0788.jpg 356 21 404 57
0789.jpg 19 116 140 204
0790.jpg 335 242 428 348
0791.jpg 23 269 101 326
0792.jpg 98 230 183 338
0793.jpg 369 98 475 188
0794.jpg 104 258 188 321
0795.jpg 358 159 474 241
0796.jpg 70 83 176 173
0797.jpg 254 270 384 359
0798.jpg 53 47 148 145
0799.jpg 209 43 245 79
0800.jpg 347 276 420 332
0801.jpg 123 256 187 345
0802.jpg 323 274 387 320
0803.jpg 380 281 465 353
0804.jpg 115 14 183 96
0805.jpg 66 194 155 281
0806.jpg 405 253 448 299
0807.jpg 316 2 417 74
0808.jpg 8 155 124 237
0809.jpg 217 27 260 73
0810.jpg 203 53 336 167
0811.jpg 361 77 420 146
0812.jpg 278 38 395 186
0813.jpg 229 3 287 65
0814.jpg 122 159 238 270
0815.jpg 70 132 167 223
0816.jpg 376 9 455 80
0817.jpg 190 204 279 291
0818.jpg 199 200 370 327
0819.jpg 398 99 464 162
0820.jpg 14 43 65 99
0821.jpg 235 241 362 350
0822.jpg 3 28 88 136
0823.jpg 336 157 415 228
0824.jpg 331 24 445 152
0825.jpg 380 110 479 226
0826.jpg 101 23 169 105
0827.jpg 168 299 216 335
0828.jpg 209 262 303 343
0829.jpg 13 63 120 211
0830.jpg 247 15 368 121
0831.jpg 83 148 153 219
0832.jpg 69 214 201 312
0833.jpg 312 79 391 150
0834.jpg 310 173 409 289
0835.jpg 308 118 431 234
0836.jpg 328 209 449 297
0837.jpg 83 167 251 283
0838.jpg 322 103 377 149
0839.jpg 54 7 90 43
0840.jpg 287 24 388 96
0841.jpg 12 76 101 163
0842.jpg 218 53 302 116
0843.jpg 5 67 111 157
0844.jpg 329 289 377 325
0845.jpg 259 101 343 217
0846.jpg 278 224 388 306
0847.jpg 17 44 138 150
0848.jpg 90 268 138 332
0849.jpg 27 40 157 188
0850.jpg 364 58 471 174
0851.jpg 217 48 287 119
0852.jpg 111 14 147 50
0853.jpg 255 240 333 297
0854.jpg 43 75 128 173
0855.jpg 282 240 438 348
0856.jpg 288 181 473 308
0857.jpg 333 282 425 348
0858.jpg 130 9 215 117
0859.jpg 360 11 461 97
0860.jpg 364 132 448 248
0861.jpg 353 190 417 279
0862.jpg 97 91 149 162
0863.jpg 303 237 365 293
0864.jpg 73 122 118 182
0865.jpg 128 257 186 319
0866.jpg 282 215 410 344
0867.jpg 56 120 154 229
0868.jpg 364 162 478 290
0869.jpg 73 195 165 323
0870.jpg 0 84 73 148
0871.jpg 31 123 131 252
0872.jpg 31 145 161 234
0873.jpg 200 32 242 87
0874.jpg 53 162 153 291
0875.jpg 11 204 84 260
0876.jpg 384 153 475 265
0877.jpg 237 283 265 319
0878.jpg 309 171 351 226
0879.jpg 24 78 156 176
0880.jpg 338 153 436 262
0881.jpg 334 276 412 333
0882.jpg 20 99 75 145
0883.jpg 69 0 148 71
0884.jpg 98 258 140 313
0885.jpg 291 28 336 88
0886.jpg 243 22 286 68
0887.jpg 321 92 431 174
0888.jpg 0 98 63 169
0889.jpg 196 282 245 328
0890.jpg 238 151 314 258
0891.jpg 102 193 223 299
0892.jpg 2 110 50 174
0893.jpg 0 129 107 277
0894.jpg 114 1 192 58
0895.jpg 340 178 447 326
0896.jpg 311 191 427 273
0897.jpg 317 145 372 191
0898.jpg 394 187 479 295
0899.jpg 5 6 98 112
0900.jpg 338 130 432 211
0901.jpg 20 190 106 272
0902.jpg 411 193 474 264
0903.jpg 301 180 408 296
0904.jpg 27 247 75 311
0905.jpg 73 302 115 357
0906.jpg 51 196 113 252
0907.jpg 58 195 202 303
0908.jpg 49 212 153 320
0909.jpg 378 35 458 117
0910.jpg 373 64 447 162
0911.jpg 0 35 176 166
0912.jpg 401 61 474 117
0913.jpg 40 262 85 322
0914.jpg 10 260 84 358
0915.jpg 28 108 89 190
0916.jpg 222 6 323 78
0917.jpg 304 294 346 349
0918.jpg 219 245 277 307
0919.jpg 8 197 59 253
0920.jpg 144 163 198 227
0921.jpg 48 24 194 172
0922.jpg 101 218 149 254
0923.jpg 341 168 426 240
0924.jpg 282 282 358 349
0925.jpg 125 199 252 308
0926.jpg 397 209 470 273
0927.jpg 359 135 451 201
0928.jpg 106 277 168 333
0929.jpg 354 201 418 290
0930.jpg 318 276 382 322
0931.jpg 294 265 349 311
0932.jpg 377 160 439 216
0933.jpg 280 84 314 130
0934.jpg 173 226 249 333
0935.jpg 6 145 133 254
0936.jpg 86 243 172 325
0937.jpg 304 216 380 323
0938.jpg 61 178 103 233
0939.jpg 375 271 441 334
0940.jpg 63 111 143 201
0941.jpg 327 53 411 116
0942.jpg 368 258 442 342
0943.jpg 298 256 366 338
0944.jpg 200 27 314 125
0945.jpg 258 274 337 345
0946.jpg 104 149 227 265
0947.jpg 101 28 202 114
0948.jpg 5 75 144 205
0949.jpg 401 97 475 195
0950.jpg 80 51 164 114
0951.jpg 150 197 235 295
0952.jpg 140 3 267 112
0953.jpg 68 206 129 288
0954.jpg 210 191 258 255
0955.jpg 312 196 468 304
0956.jpg 109 272 225 354
0957.jpg 195 226 269 310
0958.jpg 47 209 203 338
0959.jpg 63 194 157 275
0960.jpg 399 6 478 77
0961.jpg 359 114 423 203
0962.jpg 150 229 278 358
0963.jpg 44 69 112 151
0964.jpg 270 280 313 326
0965.jpg 349 240 413 329
0966.jpg 20 34 79 103
0967.jpg 25 17 169 125
0968.jpg 199 141 315 223
0969.jpg 172 252 224 323
0970.jpg 101 206 190 293
0971.jpg 270 192 340 281
0972.jpg 238 266 333 352
0973.jpg 413 4 441 40
0974.jpg 357 254 467 336
0975.jpg 280 18 359 89
0976.jpg 25 297 70 357
0977.jpg 38 143 111 199
0978.jpg 197 185 368 312
0979.jpg 331 108 447 219
0980.jpg 250 233 336 315
0981.jpg 246 190 353 306
0982.jpg 13 82 98 190
0983.jpg 9 142 83 226
0984.jpg 379 10 424 70
0985.jpg 162 7 224 63
0986.jpg 21 126 69 162
0987.jpg 68 18 136 100
0988.jpg 161 243 224 314
0989.jpg 65 199 186 287
0990.jpg 128 34 284 142
0991.jpg 230 160 406 291
0992.jpg 267 162 422 278
0993.jpg 137 115 210 171
0994.jpg 19 230 83 319
0995.jpg 75 240 230 356
0996.jpg 241 10 353 117
0997.jpg 345 130 421 197
0998.jpg 226 207 310 270
0999.jpg 349 111 469 240
1000.jpg 366 202 442 309
0001.jpg 77 155 145 237
0002.jpg 323 261 407 324
0003.jpg 278 21 351 77
0004.jpg 117 12 247 160
0005.jpg 79 3 165 85
0006.jpg 159 221 235 288
0007.jpg 261 207 446 334
0008.jpg 286 185 359 241
0009.jpg 139 100 315 231
0010.jpg 382 229 455 285
0011.jpg 374 281 413 327
0012.jpg 371 219 472 305
0013.jpg 96 5 144 69
0014.jpg 179 295 257 352
0015.jpg 42 91 87 151
0016.jpg 317 113 424 261
0017.jpg 282 197 310 233
0018.jpg 49 9 163 107
0019.jpg 335 95 405 184
0020.jpg 408 281 466 343
0021.jpg 243 286 321 343
0022.jpg 387 57 476 144
0023.jpg 0 153 84 269
0024.jpg 246 3 291 63
0025.jpg 316 190 448 288
0026.jpg 332 65 427 163
0027.jpg 128 158 244 240
0028.jpg 378 117 470 245
0029.jpg 27 226 91 315
0030.jpg 300 157 370 228
0031.jpg 124 168 197 224
0032.jpg 38 169 129 281
0033.jpg 364 164 427 235
0034.jpg 228 281 307 352
0035.jpg 33 137 119 219
0036.jpg 348 238 400 309
0037.jpg 5 51 79 149
0038.jpg 1 249 60 318
0039.jpg 31 71 188 219
0040.jpg 12 136 73 218
0041.jpg 155 143 279 291
0042.jpg 242 232 386 340
0043.jpg 146 24 188 79
0044.jpg 3 216 79 323
0045.jpg 293 237 357 326
0046.jpg 20 28 99 99
0047.jpg 254 198 334 280
0048.jpg 48 214 124 281
0049.jpg 89 33 132 79
0050.jpg 291 211 383 339
0051.jpg 383 156 431 192
0052.jpg 3 39 54 95
0053.jpg 375 119 466 231
0054.jpg 332 2 393 84
0055.jpg 373 205 443 294
0056.jpg 201 239 356 355
0057.jpg 322 15 402 97
0058.jpg 69 174 185 256
0059.jpg 321 3 387 66
0060.jpg 353 272 469 354
0061.jpg 413 262 461 326
0062.jpg 213 266 255 321
0063.jpg 28 7 152 155
0064.jpg 15 53 95 135
0065.jpg 35 132 105 221
0066.jpg 374 202 469 300
0067.jpg 5 147 121 258
0068.jpg 375 175 443 257
0069.jpg 141 217 255 345
0070.jpg 98 255 199 327
0071.jpg 362 175 470 303
0072.jpg 277 203 353 270
0073.jpg 409 0 457 64
0074.jpg 383 107 434 163
0075.jpg 47 42 75 78
0076.jpg 29 107 80 163
0077.jpg 332 47 478 195
0078.jpg 328 61 377 107
0079.jpg 23 36 97 134
0080.jpg 70 157 155 265
0081.jpg 370 34 477 150
0082.jpg 3 26 120 174
0083.jpg 390 251 463 307
0084.jpg 229 184 281 255
0085.jpg 114 97 242 226
0086.jpg 350 293 405 339
0087.jpg 148 158 276 287
0088.jpg 82 94 179 185
0089.jpg 118 46 225 162
0090.jpg 21 130 129 258
0091.jpg 336 79 400 168
0092.jpg 343 145 423 227
0093.jpg 173 307 237 353
0094.jpg 38 0 133 98
0095.jpg 331 239 464 353
0096.jpg 39 133 134 219
0097.jpg 307 215 400 321
0098.jpg 385 222 446 304
0099.jpg 279 230 313 276
0100.jpg 295 236 340 296
0101.jpg 231 98 309 155
0102.jpg 102 78 163 160
0103.jpg 60 269 170 351
0104.jpg 237 288 296 357
0105.jpg 3 124 131 253
0106.jpg 35 114 151 225
0107.jpg 374 30 447 94
0108.jpg 30 53 174 161
0109.jpg 370 189 478 317
0110.jpg 234 23 357 139
0111.jpg 42 64 186 172
0112.jpg 25 10 206 158
0113.jpg 215 221 266 277
0114.jpg 108 238 238 327
0115.jpg 48 222 107 291
0116.jpg 430 114 469 160
0117.jpg 251 245 348 336
0118.jpg 1 4 128 113
0119.jpg 350 291 399 337
0120.jpg 153 179 283 268
0121.jpg 45 159 142 250
0122.jpg 120 1 206 83
0123.jpg 99 16 203 124
0124.jpg 130 286 172 341
0125.jpg 374 154 448 252
0126.jpg 192 25 246 89
0127.jpg 178 283 262 346
0128.jpg 275 238 338 309
0129.jpg 339 94 469 183
0130.jpg 57 177 178 283
0131.jpg 32 107 106 191
0132.jpg 25 32 64 78
0133.jpg 25 246 110 318
0134.jpg 290 128 382 256
0135.jpg 281 61 351 132
0136.jpg 173 215 253 305
0137.jpg 72 61 161 148
0138.jpg 51 276 121 347
0139.jpg 163 227 353 358
0140.jpg 4 98 52 162
0141.jpg 377 47 411 93
0142.jpg 204 160 345 276
0143.jpg 307 232 383 299
0144.jpg 183 266 253 355
0145.jpg 354 102 455 188
0146.jpg 310 48 445 196
0147.jpg 90 195 185 293
0148.jpg 356 92 468 199
0149.jpg 29 269 68 315
0150.jpg 382 83 468 165
0151.jpg 360 2 466 92
0152.jpg 307 125 399 253
0153.jpg 314 82 387 138
0154.jpg 298 258 362 347
0155.jpg 86 194 198 301
0156.jpg 331 289 379 325
0157.jpg 312 37 459 165
0158.jpg 107 218 135 254
0159.jpg 309 26 456 154
0160.jpg 25 199 109 315
0161.jpg 372 62 438 125
0162.jpg 199 172 294 258
0163.jpg 320 103 411 215
0164.jpg 247 226 340 332
0165.jpg 391 132 434 178
0166.jpg 314 29 471 177
0167.jpg 90 301 126 337
0168.jpg 242 250 291 296
0169.jpg 308 59 428 188
0170.jpg 205 250 317 357
0171.jpg 261 92 389 221
0172.jpg 118 38 169 94
0173.jpg 54 170 108 234
0174.jpg 340 90 374 136
0175.jpg 70 33 132 89
0176.jpg 71 55 188 203
0177.jpg 192 16 336 124
0178.jpg 172 202 273 288
0179.jpg 305 204 389 267
0180.jpg 316 106 408 172
0181.jpg 315 36 385 125
0182.jpg 90 161 163 217
0183.jpg 350 49 420 138
0184.jpg 289 8 410 96
0185.jpg 43 264 104 346
0186.jpg 59 193 127 275
0187.jpg 58 75 178 204
0188.jpg 175 258 227 329
0189.jpg 347 241 432 349
0190.jpg 8 283 59 339
0191.jpg 374 257 447 313
0192.jpg 92 91 131 137
0193.jpg 13 177 99 259
0194.jpg 239 214 345 304
0195.jpg 233 38 281 74
0196.jpg 86 145 159 209
0197.jpg 102 40 197 138
0198.jpg 141 282 199 344
0199.jpg 126 247 185 316
0200.jpg 22 22 163 138
0201.jpg 353 250 398 310
0202.jpg 203 219 246 265
0203.jpg 72 110 151 181
0204.jpg 30 264 127 355
0205.jpg 38 163 129 275
0206.jpg 18 172 174 280
0207.jpg 29 167 200 294
0208.jpg 221 184 402 332
0209.jpg 76 261 149 325
0210.jpg 169 58 233 104
0211.jpg 180 273 244 319
0212.jpg 339 21 432 127
0213.jpg 100 223 148 287
0214.jpg 238 211 332 292
0215.jpg 388 123 468 205
0216.jpg 376 313 425 359
0217.jpg 28 272 70 327
0218.jpg 280 30 323 76
0219.jpg 370 55 469 171
0220.jpg 32 5 94 61
0221.jpg 264 96 381 244
0222.jpg 141 238 283 336
0223.jpg 351 173 399 209
0224.jpg 328 153 391 224
0225.jpg 332 59 375 105
0226.jpg 439 5 467 41
0227.jpg 341 254 445 352
0228.jpg 169 200 324 316
0229.jpg 259 168 401 266
0230.jpg 193 25 378 152
0231.jpg 214 70 330 181
0232.jpg 196 262 269 326
0233.jpg 136 258 233 349
0234.jpg 334 31 393 100
0235.jpg 340 149 416 216
0236.jpg 75 56 160 164
0237.jpg 312 220 428 302
0238.jpg 158 272 203 332
0239.jpg 241 53 303 109
0240.jpg 321 168 410 255
0241.jpg 324 119 417 225
0242.jpg 41 105 157 216
0243.jpg 44 176 141 267
0244.jpg 98 212 178 294
0245.jpg 194 234 242 298
0246.jpg 268 171 336 253
0247.jpg 151 232 265 330
0248.jpg 173 273 246 337
0249.jpg 408 252 459 308
0250.jpg 125 15 167 70
0251.jpg 9 68 113 176
0252.jpg 297 171 407 253
0253.jpg 376 191 470 272
0254.jpg 344 76 396 147
0255.jpg 264 226 342 283
0256.jpg 378 113 426 149
0257.jpg 146 163 266 292
0258.jpg 34 131 95 213
0259.jpg 55 13 197 111
0260.jpg 155 56 296 172
0261.jpg 244 136 320 243
0262.jpg 345 9 407 65
0263.jpg 84 195 214 343
0264.jpg 329 170 421 298
0265.jpg 70 170 226 299
0266.jpg 220 126 326 216
0267.jpg 355 56 475 185
0268.jpg 357 74 450 180
0269.jpg 15 209 107 337
0270.jpg 7 94 55 130
0271.jpg 12 15 71 84
0272.jpg 318 75 354 111
0273.jpg 9 226 67 288
0274.jpg 3 197 110 313
0275.jpg 47 216 123 323
0276.jpg 305 1 381 68
0277.jpg 129 133 172 179
0278.jpg 344 173 405 255
0279.jpg 285 253 327 308
0280.jpg 401 18 429 54
0281.jpg 334 223 388 287
0282.jpg 77 277 169 343
0283.jpg 393 33 459 96
0284.jpg 255 85 300 145
0285.jpg 228 160 292 206
0286.jpg 318 282 410 348
0287.jpg 289 23 393 121
0288.jpg 390 75 475 173
0289.jpg 86 84 152 147
0290.jpg 28 240 151 356
0291.jpg 24 8 125 94
0292.jpg 60 106 124 195
0293.jpg 117 3 166 49
0294.jpg 301 48 386 120
0295.jpg 33 140 174 256
0296.jpg 309 276 363 340
0297.jpg 220 249 350 338
0298.jpg 277 108 366 195
0299.jpg 378 154 458 244
0300.jpg 46 37 80 83
0301.jpg 438 132 477 178
0302.jpg 323 59 359 95
0303.jpg 49 242 176 351
0304.jpg 152 275 220 357
0305.jpg 316 271 368 342
0306.jpg 55 80 125 169
0307.jpg 372 22 438 85
0308.jpg 1 204 86 312
0309.jpg 209 16 271 72
0310.jpg 357 65 458 151
0311.jpg 238 37 358 166
0312.jpg 148 268 182 314
0313.jpg 278 10 372 91
0314.jpg 328 8 428 137
0315.jpg 384 252 479 350
0316.jpg 322 197 423 269
0317.jpg 339 12 430 124
0318.jpg 305 16 354 62
0319.jpg 148 123 182 169
0320.jpg 317 226 383 289
0321.jpg 5 269 66 351
0322.jpg 18 137 165 265
0323.jpg 395 252 463 334
0324.jpg 356 83 464 211
0325.jpg 115 83 272 231
0326.jpg 145 287 194 333
0327.jpg 405 116 456 172
0328.jpg 31 67 161 215
0329.jpg 100 6 224 154
0330.jpg 47 7 123 74
0331.jpg 244 66 354 148
0332.jpg 405 77 460 123
0333.jpg 37 216 101 305
0334.jpg 191 101 284 207
0335.jpg 286 117 370 180
0336.jpg 276 75 361 147
0337.jpg 88 225 180 291
0338.jpg 362 95 476 223
0339.jpg 250 215 364 343
0340.jpg 383 201 476 307
0341.jpg 385 17 455 88
0342.jpg 317 201 473 330
0343.jpg 330 237 379 283
0344.jpg 38 206 184 354
0345.jpg 43 189 113 278
0346.jpg 138 121 222 184
0347.jpg 133 62 268 210
0348.jpg 402 194 475 258
0349.jpg 34 59 178 167
0350.jpg 12 164 64 235
0351.jpg 390 43 460 132
0352.jpg 81 201 130 247
0353.jpg 102 161 186 224
0354.jpg 28 41 184 149
0355.jpg 68 225 175 341
0356.jpg 17 246 97 328
0357.jpg 132 26 202 97
0358.jpg 299 13 338 59
0359.jpg 170 47 280 129
0360.jpg 109 252 189 342
0361.jpg 56 165 246 296
0362.jpg 341 70 449 198
0363.jpg 150 274 198 338
0364.jpg 35 241 74 287
0365.jpg 349 262 415 325
0366.jpg 3 5 42 51
0367.jpg 285 41 384 157
0368.jpg 328 3 412 66
0369.jpg 31 86 101 157
0370.jpg 272 125 470 273
0371.jpg 21 270 79 332
0372.jpg 141 63 183 118
0373.jpg 138 240 166 276
0374.jpg 133 0 275 98
0375.jpg 97 64 232 191
0376.jpg 133 236 199 299
0377.jpg 69 115 193 263
0378.jpg 161 280 220 349
0379.jpg 119 296 181 352
0380.jpg 204 163 337 277
0381.jpg 218 230 294 297
0382.jpg 41 25 136 123
0383.jpg 403 280 452 326
0384.jpg 373 322 401 358
0385.jpg 70 62 241 189
0386.jpg 53 127 126 183
0387.jpg 196 45 258 101
0388.jpg 201 187 357 295
0389.jpg 4 129 134 277
0390.jpg 98 101 126 137
0391.jpg 7 170 93 252
0392.jpg 308 8 476 124
0393.jpg 165 267 260 353
0394.jpg 68 202 174 292
0395.jpg 280 135 338 197
0396.jpg 272 71 407 219
0397.jpg 134 218 204 307
0398.jpg 287 57 341 121
0399.jpg 359 246 408 292
0400.jpg 252 161 351 277
0401.jpg 366 35 464 144
0402.jpg 410 101 476 164
0403.jpg 69 173 154 271
0404.jpg 54 11 168 139
0405.jpg 387 149 445 211
0406.jpg 34 40 141 156
0407.jpg 381 250 430 296
0408.jpg 41 106 121 188
0409.jpg 15 269 121 359
0410.jpg 40 17 138 126
0411.jpg 399 26 479 108
0412.jpg 14 100 82 182
0413.jpg 31 239 101 310
0414.jpg 77 44 191 172
0415.jpg 86 144 159 200
0416.jpg 396 7 466 96
0417.jpg 180 14 294 142
0418.jpg 201 199 309 327
0419.jpg 101 169 185 232
0420.jpg 3 45 130 154
0421.jpg 316 239 423 355
0422.jpg 13 49 159 197
0423.jpg 352 174 479 283
0424.jpg 439 127 473 173
0425.jpg 24 204 147 320
0426.jpg 388 189 416 225
0427.jpg 248 137 342 218
0428.jpg 385 224 427 279
0429.jpg 129 216 233 314
0430.jpg 396 102 460 191
0431.jpg 343 173 435 239
0432.jpg 274 5 388 133
0433.jpg 376 9 449 65
0434.jpg 56 283 115 352
0435.jpg 335 195 389 259
0436.jpg 273 265 368 351
0437.jpg 119 54 334 202
0438.jpg 43 161 142 277
0439.jpg 295 236 329 282
0440.jpg 392 50 456 139
0441.jpg 429 100 468 146
0442.jpg 74 216 182 344
0443.jpg 133 150 331 298
0444.jpg 310 203 442 301
0445.jpg 33 214 107 312
0446.jpg 341 103 414 159
0447.jpg 323 75 362 121
0448.jpg 41 105 158 253
0449.jpg 16 67 75 136
0450.jpg 13 184 105 250
0451.jpg 164 179 212 243
0452.jpg 249 181 323 265
0453.jpg 20 123 150 212
0454.jpg 39 255 119 345
0455.jpg 32 18 173 134
0456.jpg 102 171 273 298
0457.jpg 207 166 246 212
0458.jpg 151 191 295 299
0459.jpg 18 242 122 340
0460.jpg 172 26 340 142
0461.jpg 132 146 208 213
0462.jpg 385 129 447 185
0463.jpg 394 169 446 240
0464.jpg 0 73 116 184
0465.jpg 37 34 160 150
0466.jpg 248 50 303 96
0467.jpg 87 1 179 67
0468.jpg 20 120 176 249
0469.jpg 328 111 392 157
0470.jpg 66 218 158 284
0471.jpg 196 216 328 314
0472.jpg 363 43 408 103
0473.jpg 323 21 444 109
0474.jpg 98 207 132 253
0475.jpg 242 19 320 76
0476.jpg 100 179 134 225
0477.jpg 266 262 344 319
0478.jpg 36 97 131 183
0479.jpg 84 61 176 189
0480.jpg 263 20 336 84
0481.jpg 104 263 210 353
0482.jpg 268 238 375 354
0483.jpg 346 22 441 120
0484.jpg 136 277 209 333
0485.jpg 170 172 341 299
0486.jpg 132 36 267 184
0487.jpg 26 95 112 177
0488.jpg 71 139 126 185
0489.jpg 240 27 396 135
0490.jpg 405 240 453 304
0491.jpg 289 12 369 102
0492.jpg 235 88 356 194
0493.jpg 286 221 322 257
0494.jpg 385 1 428 47
0495.jpg 142 238 269 347
0496.jpg 87 24 160 88
0497.jpg 164 248 212 312
0498.jpg 165 31 233 113
0499.jpg 7 189 101 270
0500.jpg 27 21 70 67
0501.jpg 406 29 470 75
0502.jpg 70 3 200 151
0503.jpg 278 256 314 292
0504.jpg 130 35 196 98
0505.jpg 144 289 236 355
0506.jpg 268 41 327 110
0507.jpg 110 259 226 341
0508.jpg 76 258 124 294
0509.jpg 5 13 175 161
0510.jpg 294 204 408 332
0511.jpg 288 158 427 288
0512.jpg 223 110 307 173
0513.jpg 267 90 452 217
0514.jpg 166 200 342 331
0515.jpg 282 269 403 357
0516.jpg 190 193 238 229
0517.jpg 221 178 266 238
0518.jpg 219 25 347 154
0519.jpg 24 80 154 169
0520.jpg 196 205 313 353
0521.jpg 10 249 58 313
0522.jpg 11 85 152 201
0523.jpg 194 222 268 320
0524.jpg 262 268 347 340
0525.jpg 182 49 262 131
0526.jpg 289 230 343 294
0527.jpg 146 193 262 304
0528.jpg 24 187 85 269
0529.jpg 90 267 156 330
0530.jpg 83 226 144 308
0531.jpg 284 154 348 200
0532.jpg 13 58 87 156
0533.jpg 200 37 301 123
0534.jpg 26 33 106 115
0535.jpg 110 73 224 171
0536.jpg 273 13 414 129
0537.jpg 329 170 424 256
0538.jpg 99 4 232 118
0539.jpg 183 173 261 230
0540.jpg 54 271 170 353
0541.jpg 422 270 476 334
0542.jpg 396 217 424 253
0543.jpg 343 138 406 209
0544.jpg 265 214 358 320
0545.jpg 398 89 450 160
0546.jpg 210 264 268 326
0547.jpg 344 52 445 124
0548.jpg 365 39 477 146
0549.jpg 393 128 471 185
0550.jpg 33 148 168 275
0551.jpg 301 2 401 131
0552.jpg 71 108 126 154
0553.jpg 154 157 275 245
0554.jpg 118 78 253 226
0555.jpg 81 7 167 89
0556.jpg 4 178 97 284
0557.jpg 259 16 389 164
0558.jpg 14 197 112 306
0559.jpg 29 123 128 239
0560.jpg 331 138 394 209
0561.jpg 182 11 216 57
0562.jpg 83 78 111 114
0563.jpg 102 286 145 332
0564.jpg 20 204 167 332
0565.jpg 76 5 175 121
0566.jpg 223 22 271 86
0567.jpg 391 146 425 192
0568.jpg 328 12 422 93
0569.jpg 122 14 186 103
0570.jpg 70 266 122 337
0571.jpg 267 27 337 98
0572.jpg 19 82 71 153
0573.jpg 363 51 475 158
0574.jpg 352 131 431 202
0575.jpg 111 158 165 222
0576.jpg 390 163 469 234
0577.jpg 45 208 168 324
0578.jpg 4 27 143 157
0579.jpg 289 168 340 224
0580.jpg 122 78 164 133
0581.jpg 213 4 357 112
0582.jpg 66 201 115 247
0583.jpg 101 251 231 340
0584.jpg 356 161 401 221
0585.jpg 393 34 473 124
0586.jpg 431 180 474 226
0587.jpg 4 210 56 281
0588.jpg 349 99 469 228
0589.jpg 46 151 163 299
0590.jpg 163 258 233 347
0591.jpg 394 224 473 295
0592.jpg 190 248 334 356
0593.jpg 27 135 61 181
0594.jpg 29 57 90 139
0595.jpg 123 273 178 319
0596.jpg 267 92 333 155
0597.jpg 126 172 169 218
0598.jpg 132 231 181 277
0599.jpg 147 270 189 325
0600.jpg 336 45 425 132
0601.jpg 73 21 177 129
0602.jpg 321 288 369 324
0603.jpg 104 217 218 345
0604.jpg 344 233 454 315
0605.jpg 311 191 441 339
0606.jpg 138 76 208 147
0607.jpg 310 83 431 171
0608.jpg 166 297 221 343
0609.jpg 8 247 47 293
0610.jpg 354 293 399 353
0611.jpg 257 121 312 167
0612.jpg 408 87 474 150
0613.jpg 36 287 98 343
0614.jpg 241 5 309 87
0615.jpg 3 100 42 146
0616.jpg 310 109 383 165
0617.jpg 381 111 444 182
0618.jpg 306 56 406 185
0619.jpg 347 10 457 92
0620.jpg 118 285 191 341
0621.jpg 368 31 444 98
0622.jpg 387 122 479 250
0623.jpg 47 0 217 148
0624.jpg 198 140 243 200
0625.jpg 133 42 181 106
0626.jpg 106 101 180 185
0627.jpg 8 28 115 144
0628.jpg 25 22 180 138
0629.jpg 49 67 156 183
0630.jpg 115 120 216 192
0631.jpg 113 61 187 145
0632.jpg 72 203 163 315
0633.jpg 279 172 343 261
0634.jpg 340 175 454 273
0635.jpg 167 238 335 354
0636.jpg 356 235 460 333
0637.jpg 26 205 106 287
0638.jpg 29 129 171 227
0639.jpg 34 149 119 221
0640.jpg 359 178 437 235
0641.jpg 95 246 205 328
0642.jpg 48 1 204 109
0643.jpg 129 241 202 297
0644.jpg 103 188 203 317
0645.jpg 194 208 349 324
0646.jpg 406 107 460 171
0647.jpg 237 26 376 156
0648.jpg 42 0 100 62
0649.jpg 394 54 460 117
0650.jpg 360 67 388 103
0651.jpg 27 1 89 57
0652.jpg 31 41 125 122
0653.jpg 160 215 255 313
0654.jpg 34 85 129 171
0655.jpg 136 20 185 66
0656.jpg 149 51 183 97
0657.jpg 434 120 468 166
0658.jpg 22 13 106 76
0659.jpg 408 307 447 353
0660.jpg 385 26 421 62
0661.jpg 229 65 315 147
0662.jpg 0 9 64 98
0663.jpg 291 257 371 339
0664.jpg 45 43 175 191
0665.jpg 13 107 143 196
0666.jpg 402 160 472 231
0667.jpg 18 90 104 172
0668.jpg 89 238 163 336
0669.jpg 6 77 85 148
0670.jpg 76 92 176 221
0671.jpg 382 105 448 168
0672.jpg 26 96 224 244
0673.jpg 169 237 239 308
0674.jpg 201 242 294 348
0675.jpg 118 108 216 217
0676.jpg 155 231 310 347
0677.jpg 26 163 89 234
0678.jpg 240 7 356 89
0679.jpg 240 29 324 92
0680.jpg 269 278 318 324
0681.jpg 42 233 85 279
0682.jpg 88 125 200 232
0683.jpg 390 168 453 239
0684.jpg 356 15 448 81
0685.jpg 318 97 413 195
0686.jpg 348 76 418 147
0687.jpg 8 239 149 355
0688.jpg 88 238 204 349
0689.jpg 4 70 180 201
0690.jpg 23 74 82 143
0691.jpg 43 144 107 233
0692.jpg 412 138 463 194
0693.jpg 301 74 413 181
0694.jpg 47 72 121 156
0695.jpg 280 72 408 201
0696.jpg 0 139 95 225
0697.jpg 38 227 171 341
0698.jpg 105 210 159 274
0699.jpg 19 11 166 139
0700.jpg 192 37 256 126
0701.jpg 8 151 71 222
0702.jpg 22 138 100 195
0703.jpg 5 75 89 191
0704.jpg 372 202 470 311
0705.jpg 365 222 443 279
0706.jpg 319 151 393 235
0707.jpg 194 94 237 140
0708.jpg 111 182 181 253
0709.jpg 242 234 374 332
0710.jpg 170 185 309 315
0711.jpg 24 41 100 148
0712.jpg 236 233 340 331
0713.jpg 142 227 265 343
0714.jpg 366 11 446 101
0715.jpg 369 62 470 134
0716.jpg 80 52 142 108
0717.jpg 61 223 115 287
0718.jpg 64 87 119 133
0719.jpg 213 204 323 286
0720.jpg 3 176 64 258
0721.jpg 72 137 163 249
0722.jpg 303 268 383 358
0723.jpg 50 249 98 285
0724.jpg 416 127 467 183
0725.jpg 362 14 446 77
0726.jpg 268 151 375 299
0727.jpg 2 43 102 172
0728.jpg 112 217 224 324
0729.jpg 243 147 321 204
0730.jpg 140 51 188 87
0731.jpg 278 159 369 271
0732.jpg 336 29 420 145
0733.jpg 389 141 455 204
0734.jpg 14 271 88 355
0735.jpg 256 253 317 335
0736.jpg 350 23 426 130
0737.jpg 335 32 463 161
0738.jpg 237 61 407 209
0739.jpg 388 202 458 273
0740.jpg 126 109 211 181
0741.jpg 292 21 326 67
0742.jpg 308 184 428 313
0743.jpg 333 13 433 142
0744.jpg 67 89 141 187
0745.jpg 37 268 76 314
0746.jpg 14 139 53 185
0747.jpg 353 264 445 330
0748.jpg 42 245 134 311
0749.jpg 7 211 65 273
0750.jpg 45 61 100 107
0751.jpg 289 158 403 286
0752.jpg 230 163 358 292
0753.jpg 93 15 191 124
0754.jpg 26 181 156 329
0755.jpg 48 21 164 132
0756.jpg 82 31 177 117
0757.jpg 91 182 189 291
0758.jpg 27 125 208 273
0759.jpg 18 137 86 219
0760.jpg 66 228 186 357
0761.jpg 132 144 217 252
0762.jpg 183 274 211 310
0763.jpg 244 268 305 350
0764.jpg 57 289 149 355
0765.jpg 79 211 179 340
0766.jpg 49 259 77 295
0767.jpg 16 190 70 254
0768.jpg 382 119 430 183
0769.jpg 90 103 170 185
0770.jpg 133 36 197 82
0771.jpg 55 32 139 95
0772.jpg 128 244 196 326
0773.jpg 350 62 413 133
0774.jpg 159 0 254 86
0775.jpg 334 180 383 226
0776.jpg 349 204 428 275
0777.jpg 342 259 408 322
0778.jpg 190 228 233 274
0779.jpg 14 22 190 153
0780.jpg 180 109 336 217
0781.jpg 35 40 121 122
0782.jpg 63 138 142 209
0783.jpg 5 200 69 289
0784.jpg 40 162 91 218
0785.jpg 198 172 354 301
0786.jpg 81 30 167 112
0787.jpg 337 238 451 336
0788.jpg 133 7 226 113
0789.jpg 113 10 158 70
0790.jpg 151 66 221 155
0791.jpg 91 241 180 328
0792.jpg 172 25 252 115
0793.jpg 205 23 253 87
0794.jpg 42 123 199 271
0795.jpg 106 73 157 129
0796.jpg 107 29 171 118
0797.jpg 290 238 391 310
0798.jpg 355 35 435 117
0799.jpg 91 280 157 343
0800.jpg 96 0 166 89
0801.jpg 1 234 86 332
0802.jpg 373 187 437 233
0803.jpg 305 40 353 104
0804.jpg 12 246 66 310
0805.jpg 120 36 175 82
0806.jpg 69 258 163 339
0807.jpg 21 26 141 155
0808.jpg 65 200 157 266
0809.jpg 6 155 110 263
0810.jpg 404 68 459 114
0811.jpg 342 76 401 145
0812.jpg 239 99 369 188
0813.jpg 225 41 423 189
0814.jpg 47 103 182 251
0815.jpg 117 232 233 343
0816.jpg 154 220 222 302
0817.jpg 323 288 371 352
0818.jpg 51 3 99 67
0819.jpg 302 212 393 324
0820.jpg 394 126 462 208
0821.jpg 13 92 121 220
0822.jpg 310 254 376 317
0823.jpg 14 91 122 219
0824.jpg 267 39 329 95
0825.jpg 27 183 131 281
0826.jpg 79 45 171 173
0827.jpg 339 2 409 73
0828.jpg 340 19 470 167
0829.jpg 317 290 365 326
0830.jpg 2 25 94 91
0831.jpg 135 213 229 294
0832.jpg 39 109 155 220
0833.jpg 12 94 105 200
0834.jpg 348 119 476 248
0835.jpg 281 261 413 359
0836.jpg 371 238 399 274
0837.jpg 235 51 305 140
0838.jpg 323 87 412 174
0839.jpg 32 228 200 344
0840.jpg 440 111 468 147
0841.jpg 115 234 242 343
0842.jpg 360 36 408 72
0843.jpg 167 234 246 305
0844.jpg 243 150 378 277
0845.jpg 194 3 409 151
0846.jpg 202 54 275 110
0847.jpg 47 241 113 304
0848.jpg 137 37 241 135
0849.jpg 42 92 106 138
0850.jpg 246 47 295 93
0851.jpg 8 13 164 121
0852.jpg 271 220 383 327
0853.jpg 250 199 370 328
0854.jpg 155 47 259 155
0855.jpg 337 180 415 237
0856.jpg 225 67 298 123
0857.jpg 287 194 326 240
0858.jpg 384 59 479 157
0859.jpg 58 164 188 253
0860.jpg 275 5 367 133
0861.jpg 354 226 443 313
0862.jpg 202 28 346 136
0863.jpg 34 201 126 329
0864.jpg 358 222 479 310
0865.jpg 347 221 441 302
0866.jpg 105 284 178 348
0867.jpg 356 102 477 190
0868.jpg 350 187 398 251
0869.jpg 181 12 254 76
0870.jpg 195 70 243 106
0871.jpg 93 6 172 77
0872.jpg 49 270 117 352
0873.jpg 238 56 308 127
0874.jpg 28 12 136 140
0875.jpg 35 197 80 257
0876.jpg 16 137 67 193
0877.jpg 226 122 300 206
0878.jpg 16 88 77 170
0879.jpg 353 99 427 183
0880.jpg 342 153 456 281
0881.jpg 366 275 405 321
0882.jpg 354 183 451 274
0883.jpg 124 253 200 320
0884.jpg 368 35 463 121
0885.jpg 213 8 241 44
0886.jpg 320 146 378 208
0887.jpg 294 4 429 152
0888.jpg 268 82 453 209
0889.jpg 341 236 389 272
0890.jpg 37 125 157 254
0891.jpg 72 157 161 244
0892.jpg 365 264 462 355
0893.jpg 134 207 225 319
0894.jpg 314 272 387 328
0895.jpg 262 269 304 324
0896.jpg 366 99 425 168
0897.jpg 0 10 42 65
0898.jpg 303 194 394 306
0899.jpg 46 56 97 112
0900.jpg 346 151 438 279
0901.jpg 46 181 110 270
0902.jpg 251 0 309 62
0903.jpg 366 48 442 155
0904.jpg 309 141 388 212
0905.jpg 414 107 478 196
0906.jpg 399 168 450 224
0907.jpg 25 126 139 254
0908.jpg 21 69 191 217
0909.jpg 220 33 282 89
0910.jpg 366 186 436 275
0911.jpg 148 172 200 243
0912.jpg 60 245 157 336
0913.jpg 306 4 345 50
0914.jpg 364 221 449 329
0915.jpg 383 7 453 78
0916.jpg 16 137 146 285
0917.jpg 34 3 155 109
0918.jpg 175 209 237 265
0919.jpg 138 295 186 331
0920.jpg 257 272 331 356
0921.jpg 10 149 124 277
0922.jpg 125 195 199 279
0923.jpg 294 10 342 46
0924.jpg 292 8 473 156
0925.jpg 1 94 74 158
0926.jpg 373 40 453 122
0927.jpg 335 221 449 349
0928.jpg 101 211 243 309
0929.jpg 385 94 439 158
0930.jpg 370 100 469 216
0931.jpg 260 5 346 87
0932.jpg 374 46 436 102
0933.jpg 411 15 439 51
0934.jpg 20 138 132 245
0935.jpg 79 177 179 306
0936.jpg 197 197 276 268
0937.jpg 51 70 125 168
0938.jpg 375 160 448 224
0939.jpg 317 105 437 234
0940.jpg 57 2 151 83
0941.jpg 403 32 462 101
0942.jpg 296 155 381 263
0943.jpg 116 173 171 219
0944.jpg 318 176 366 240
0945.jpg 45 19 137 147
0946.jpg 186 274 229 320
0947.jpg 20 140 128 268
0948.jpg 387 81 439 152
0949.jpg 115 183 285 331
0950.jpg 133 109 213 191
0951.jpg 403 57 477 141
0952.jpg 171 223 327 352
0953.jpg 404 120 462 182
0954.jpg 395 249 463 331
0955.jpg 231 289 304 353
0956.jpg 316 228 375 297
0957.jpg 404 200 466 256
0958.jpg 71 196 239 312
0959.jpg 14 116 53 162
0960.jpg 18 142 113 228
0961.jpg 59 274 160 346
0962.jpg 202 241 247 301
0963.jpg 354 209 417 280
0964.jpg 1 118 62 200
0965.jpg 165 291 216 347
0966.jpg 145 36 196 92
0967.jpg 108 242 178 331
0968.jpg 306 156 426 285
0969.jpg 4 13 131 122
0970.jpg 148 30 218 119
0971.jpg 44 202 215 329
0972.jpg 414 272 475 354
0973.jpg 70 250 154 313
0974.jpg 39 183 153 311
0975.jpg 365 95 399 141
0976.jpg 390 185 466 292
0977.jpg 55 126 171 237
0978.jpg 426 275 478 346
0979.jpg 383 260 457 344
0980.jpg 393 262 461 344
0981.jpg 352 247 401 293
0982.jpg 307 32 381 130
0983.jpg 5 184 99 265
0984.jpg 230 251 351 357
0985.jpg 385 139 461 246
0986.jpg 102 272 157 318
0987.jpg 6 51 67 133
0988.jpg 117 152 169 223
0989.jpg 2 189 93 301
0990.jpg 244 187 341 278
0991.jpg 377 154 451 238
0992.jpg 197 41 255 103
0993.jpg 136 17 231 115
0994.jpg 366 209 466 338
0995.jpg 124 147 209 255
0996.jpg 338 249 414 356
0997.jpg 202 143 314 250
0998.jpg 152 200 320 316
0999.jpg 273 185 367 266
1000.jpg 148 317 184 353
