0001.jpg 52 217 150 326
0002.jpg 102 247 180 304
0003.jpg 322 250 376 314
0004.jpg 385 166 436 222
0005.jpg 5 44 106 116
0006.jpg 217 267 265 331
0007.jpg 200 7 297 98
0008.jpg 345 145 404 214
0009.jpg 350 176 451 248
0010.jpg 185 257 249 346
0011.jpg 100 124 176 191
0012.jpg 5 84 121 166
0013.jpg 293 237 344 293
0014.jpg 75 126 161 208
0015.jpg 275 234 372 325
0016.jpg 400 27 473 83
0017.jpg 324 290 367 336
0018.jpg 336 206 450 334
0019.jpg 252 183 358 273
0020.jpg 174 1 315 117
0021.jpg 320 179 388 261
0022.jpg 325 26 432 174
0023.jpg 421 82 475 146
0024.jpg 158 164 192 210
0025.jpg 121 211 175 275
0026.jpg 94 199 189 297
0027.jpg 385 61 455 150
0028.jpg 328 175 461 289
0029.jpg 323 97 357 143
0030.jpg 58 235 156 344
0031.jpg 399 170 448 216
0032.jpg 25 288 109 351
0033.jpg 342 79 403 161
0034.jpg 286 39 393 187
0035.jpg 127 189 235 317
0036.jpg 343 158 457 256
0037.jpg 207 270 262 316
0038.jpg 336 92 399 163
0039.jpg 49 104 129 194
0040.jpg 111 26 156 86
0041.jpg 232 41 311 112
0042.jpg 351 162 440 249
0043.jpg 85 44 124 90
0044.jpg 300 199 384 315
0045.jpg 326 186 371 246
0046.jpg 52 197 166 325
0047.jpg 79 143 163 259
0048.jpg 293 187 428 314
0049.jpg 219 210 331 317
0050.jpg 79 61 164 159
0051.jpg 281 52 367 134
0052.jpg 401 279 429 315
0053.jpg 404 130 453 176
0054.jpg 70 61 125 107
0055.jpg 330 139 434 237
0056.jpg 380 272 453 336
0057.jpg 362 104 454 232
0058.jpg 76 246 203 355
0059.jpg 93 51 200 167
0060.jpg 57 186 85 222
0061.jpg 71 86 170 202
0062.jpg 355 247 404 293
0063.jpg 323 140 424 212
0064.jpg 179 226 306 335
0065.jpg 401 202 462 284
0066.jpg 246 34 330 97
0067.jpg 68 227 136 309
0068.jpg 54 128 93 174
0069.jpg 154 67 197 113
0070.jpg 348 212 428 294
0071.jpg 136 233 229 339
0072.jpg 306 248 372 311
0073.jpg 44 11 174 100
0074.jpg 45 7 130 115
0075.jpg 104 168 166 224
0076.jpg 55 197 153 306
0077.jpg 183 203 234 259
0078.jpg 362 57 416 121
0079.jpg 393 23 421 59
0080.jpg 13 124 61 188
0081.jpg 207 295 269 351
0082.jpg 27 175 90 246
0083.jpg 275 244 336 326
0084.jpg 26 113 99 169
0085.jpg 25 23 126 95
0086.jpg 73 81 107 127
0087.jpg 245 73 300 119
0088.jpg 276 7 368 135
0089.jpg 238 166 304 229
0090.jpg 347 82 417 153
0091.jpg 59 211 150 323
0092.jpg 269 184 303 230
0093.jpg 133 301 182 347
0094.jpg 109 43 210 129
0095.jpg 389 257 417 293
0096.jpg 227 206 255 242
0097.jpg 36 256 166 345
0098.jpg 43 286 94 342
0099.jpg 63 1 136 57
0100.jpg 354 69 445 181
0101.jpg 108 5 171 76
0102.jpg 394 51 472 108
0103.jpg 279 222 371 288
0104.jpg 285 248 324 294
0105.jpg 183 281 226 327
0106.jpg 136 264 191 310
0107.jpg 35 62 105 133
0108.jpg 12 48 112 177
0109.jpg 408 251 447 297
0110.jpg 303 60 388 168
0111.jpg 95 180 123 216
0112.jpg 17 186 124 302
0113.jpg 296 48 389 154
0114.jpg 4 161 159 277
0115.jpg 352 239 475 355
0116.jpg 349 47 479 195
0117.jpg 376 181 431 227
0118.jpg 46 165 122 272
0119.jpg 0 2 170 150
0120.jpg 284 177 404 306
0121.jpg 196 246 288 312
0122.jpg 336 88 410 172
0123.jpg 270 195 382 302
0124.jpg 370 268 415 328
0125.jpg 76 219 168 285
0126.jpg 44 192 129 300
0127.jpg 21 229 142 317
0128.jpg 49 148 104 194
0129.jpg 216 227 296 309
0130.jpg 298 267 393 353
0131.jpg 297 125 370 181
0132.jpg 32 50 86 114
0133.jpg 21 214 100 285
0134.jpg 339 63 439 192
0135.jpg 284 59 378 140
0136.jpg 315 68 385 139
0137.jpg 368 268 465 359
0138.jpg 112 150 197 258
0139.jpg 15 27 131 109
0140.jpg 159 20 195 56
0141.jpg 11 111 89 168
0142.jpg 52 5 191 135
0143.jpg 133 227 169 263
0144.jpg 255 37 317 93
0145.jpg 35 36 126 148
0146.jpg 211 33 312 105
0147.jpg 387 260 472 332
0148.jpg 389 181 444 227
0149.jpg 305 144 399 225
0150.jpg 25 66 110 138
0151.jpg 173 270 239 333
0152.jpg 70 65 133 136
0153.jpg 25 46 141 157
0154.jpg 324 1 425 73
0155.jpg 354 1 447 107
0156.jpg 87 204 163 271
0157.jpg 295 270 389 351
0158.jpg 156 215 332 346
0159.jpg 243 203 282 249
0160.jpg 344 152 439 238
0161.jpg 117 101 201 217
0162.jpg 13 183 194 331
0163.jpg 385 290 421 326
0164.jpg 343 69 467 217
0165.jpg 378 69 432 133
0166.jpg 326 318 374 354
0167.jpg 47 81 117 152
0168.jpg 364 184 415 240
0169.jpg 377 255 453 322
0170.jpg 137 294 182 354
0171.jpg 347 251 420 315
0172.jpg 78 260 170 326
0173.jpg 137 14 207 103
0174.jpg 29 15 185 123
0175.jpg 365 182 438 238
0176.jpg 218 276 280 332
0177.jpg 20 216 93 280
0178.jpg 99 220 163 266
0179.jpg 317 155 418 227
0180.jpg 213 273 261 309
0181.jpg 341 156 411 227
0182.jpg 40 53 195 169
0183.jpg 359 19 466 167
0184.jpg 408 73 471 144
0185.jpg 89 119 184 217
0186.jpg 84 219 127 265
0187.jpg 305 21 452 149
0188.jpg 59 39 159 168
0189.jpg 340 176 463 292
0190.jpg 9 164 51 219
0191.jpg 242 265 326 328
0192.jpg 266 205 366 334
0193.jpg 326 33 374 97
0194.jpg 394 10 478 126
0195.jpg 320 259 462 357
0196.jpg 254 239 410 347
0197.jpg 3 118 76 182
0198.jpg 42 150 126 213
0199.jpg 121 178 245 326
0200.jpg 343 18 459 129
0201.jpg 322 91 446 239
0202.jpg 353 170 469 281
0203.jpg 350 178 451 264
0204.jpg 81 264 178 355
0205.jpg 319 99 458 229
0206.jpg 276 125 433 273
0207.jpg 372 234 465 340
0208.jpg 215 268 258 314
0209.jpg 386 95 464 152
0210.jpg 305 284 390 356
0211.jpg 305 46 341 82
0212.jpg 54 45 82 81
0213.jpg 330 242 375 302
0214.jpg 57 133 105 197
0215.jpg 36 185 129 291
0216.jpg 100 230 193 336
0217.jpg 9 50 57 114
0218.jpg 6 71 85 142
0219.jpg 33 197 122 284
0220.jpg 52 177 158 267
0221.jpg 383 113 457 211
0222.jpg 374 111 473 227
0223.jpg 5 52 121 134
0224.jpg 95 262 157 318
0225.jpg 397 257 459 313
0226.jpg 8 247 100 313
0227.jpg 32 42 93 124
0228.jpg 312 244 416 352
0229.jpg 261 142 335 240
0230.jpg 51 18 172 106
0231.jpg 43 178 142 294
0232.jpg 380 133 473 239
0233.jpg 216 243 290 327
0234.jpg 210 272 262 343
0235.jpg 18 194 91 250
0236.jpg 206 239 280 323
0237.jpg 61 21 150 108
0238.jpg 78 21 144 84
0239.jpg 104 8 152 72
0240.jpg 103 170 301 318
0241.jpg 8 74 84 141
0242.jpg 12 199 90 256
0243.jpg 294 1 348 65
0244.jpg 88 259 156 341
0245.jpg 127 272 161 318
0246.jpg 45 41 173 170
0247.jpg 303 217 417 345
0248.jpg 51 254 99 318
0249.jpg 88 150 140 221
0250.jpg 304 118 460 226
0251.jpg 62 26 146 89
0252.jpg 330 162 419 249
0253.jpg 207 263 270 334
0254.jpg 400 73 464 119
0255.jpg 51 299 79 335
0256.jpg 144 289 195 345
0257.jpg 68 208 119 264
0258.jpg 25 97 133 225
0259.jpg 34 10 102 92
0260.jpg 358 115 443 213
0261.jpg 379 262 441 318
0262.jpg 96 214 159 285
0263.jpg 245 30 366 118
0264.jpg 53 261 107 325
0265.jpg 197 131 260 202
0266.jpg 349 268 404 314
0267.jpg 139 201 240 287
0268.jpg 69 183 185 294
0269.jpg 332 117 455 233
0270.jpg 305 1 348 47
0271.jpg 75 168 148 224
0272.jpg 71 113 192 201
0273.jpg 53 53 112 122
0274.jpg 48 170 216 286
0275.jpg 302 305 338 341
0276.jpg 253 275 305 346
0277.jpg 26 138 161 286
0278.jpg 7 39 205 187
0279.jpg 99 240 133 286
0280.jpg 202 109 256 173
0281.jpg 81 101 202 207
0282.jpg 355 152 397 207
0283.jpg 99 205 255 313
0284.jpg 69 309 117 345
0285.jpg 242 142 285 188
0286.jpg 369 269 405 305
0287.jpg 225 214 259 260
0288.jpg 207 214 292 312
0289.jpg 76 253 130 317
0290.jpg 418 65 454 101
0291.jpg 55 233 176 339
0292.jpg 51 32 99 68
0293.jpg 332 181 416 297
0294.jpg 171 198 347 329
0295.jpg 355 96 456 168
0296.jpg 329 0 462 114
0297.jpg 22 162 100 219
0298.jpg 271 24 347 91
0299.jpg 48 262 178 351
0300.jpg 36 268 78 323
0301.jpg 307 65 464 213
0302.jpg 118 254 191 318
0303.jpg 375 89 467 217
0304.jpg 115 204 166 260
0305.jpg 61 186 251 317
0306.jpg 352 113 438 195
0307.jpg 5 175 89 238
0308.jpg 127 1 172 61
0309.jpg 177 275 225 339
0310.jpg 25 202 95 273
0311.jpg 322 168 396 252
0312.jpg 276 260 356 342
0313.jpg 87 124 126 170
0314.jpg 12 179 109 270
0315.jpg 0 169 176 300
0316.jpg 53 149 159 239
0317.jpg 191 194 250 263
0318.jpg 41 102 121 192
0319.jpg 61 166 140 237
0320.jpg 353 160 426 224
0321.jpg 36 213 131 299
0322.jpg 1 259 86 331
0323.jpg 347 66 457 148
0324.jpg 340 228 435 314
0325.jpg 345 235 449 343
0326.jpg 132 0 190 62
0327.jpg 109 142 179 231
0328.jpg 251 17 345 98
0329.jpg 136 49 198 105
0330.jpg 56 100 179 216
0331.jpg 17 52 91 136
0332.jpg 319 70 475 178
0333.jpg 238 11 297 80
0334.jpg 29 181 175 329
0335.jpg 344 74 444 203
0336.jpg 6 263 65 332
0337.jpg 355 106 450 192
0338.jpg 23 123 87 169
0339.jpg 307 26 380 82
0340.jpg 105 220 233 349
0341.jpg 98 169 296 317
0342.jpg 77 184 139 240
0343.jpg 50 213 160 295
0344.jpg 285 78 441 186
0345.jpg 415 281 463 345
0346.jpg 143 259 235 325
0347.jpg 8 14 124 96
0348.jpg 34 286 119 358
0349.jpg 335 279 397 335
0350.jpg 212 23 276 69
0351.jpg 161 273 246 345
0352.jpg 294 306 333 352
0353.jpg 62 259 132 330
0354.jpg 273 243 301 279
0355.jpg 198 228 326 357
0356.jpg 196 197 381 324
0357.jpg 279 235 333 299
0358.jpg 19 316 47 352
0359.jpg 318 270 380 326
0360.jpg 2 227 143 343
0361.jpg 171 39 232 121
0362.jpg 231 213 283 284
0363.jpg 292 116 396 224
0364.jpg 90 203 175 311
0365.jpg 322 39 469 167
0366.jpg 179 282 224 342
0367.jpg 268 125 320 196
0368.jpg 217 87 318 173
0369.jpg 390 68 426 104
0370.jpg 207 179 273 242
0371.jpg 196 227 281 335
0372.jpg 109 64 148 110
0373.jpg 15 209 51 245
0374.jpg 358 226 422 315
0375.jpg 29 200 199 348
0376.jpg 312 207 373 289
0377.jpg 324 108 415 220
0378.jpg 179 43 213 89
0379.jpg 9 125 155 273
0380.jpg 13 262 143 351
0381.jpg 396 265 476 347
0382.jpg 2 126 96 207
0383.jpg 86 65 160 149
0384.jpg 268 7 400 105
0385.jpg 98 2 162 91
0386.jpg 249 209 419 357
0387.jpg 379 149 473 230
0388.jpg 15 179 100 277
0389.jpg 113 245 243 334
0390.jpg 31 124 92 206
0391.jpg 130 80 227 171
0392.jpg 230 243 344 341
0393.jpg 346 269 456 351
0394.jpg 14 131 88 229
0395.jpg 172 70 220 134
0396.jpg 89 229 163 327
0397.jpg 328 119 452 267
0398.jpg 364 140 457 246
0399.jpg 47 188 146 304
0400.jpg 355 36 433 93
0401.jpg 75 171 148 235
0402.jpg 349 83 438 170
0403.jpg 366 125 444 182
0404.jpg 289 151 410 257
0405.jpg 3 86 160 234
0406.jpg 305 51 398 157
0407.jpg 377 149 425 185
0408.jpg 15 73 79 119
0409.jpg 318 143 438 272
0410.jpg 318 60 459 176
0411.jpg 116 254 168 325
0412.jpg 113 284 161 348
0413.jpg 215 82 348 196
0414.jpg 239 96 372 210
0415.jpg 289 229 359 318
0416.jpg 294 211 451 359
0417.jpg 316 194 411 292
0418.jpg 20 143 190 291
0419.jpg 295 90 331 126
0420.jpg 329 35 464 183
0421.jpg 55 188 140 260
0422.jpg 377 36 451 134
0423.jpg 282 80 410 209
0424.jpg 324 64 386 120
0425.jpg 318 78 373 124
0426.jpg 384 55 470 137
0427.jpg 357 209 423 272
0428.jpg 218 27 279 109
0429.jpg 145 89 173 125
0430.jpg 213 12 274 94
0431.jpg 313 221 433 350
0432.jpg 157 244 242 352
0433.jpg 292 190 398 280
0434.jpg 20 58 88 140
0435.jpg 280 32 377 123
0436.jpg 129 241 215 323
0437.jpg 45 219 168 335
0438.jpg 187 55 215 91
0439.jpg 32 27 130 136
0440.jpg 39 200 140 286
0441.jpg 160 243 281 331
0442.jpg 36 187 121 259
0443.jpg 353 253 408 299
0444.jpg 192 265 302 347
0445.jpg 60 53 99 99
0446.jpg 26 170 69 216
0447.jpg 399 228 465 291
0448.jpg 344 245 456 352
0449.jpg 49 20 133 136
0450.jpg 50 224 86 260
0451.jpg 109 26 188 97
0452.jpg 213 81 262 127
0453.jpg 80 212 212 310
0454.jpg 2 9 95 115
0455.jpg 166 232 217 288
0456.jpg 341 32 405 78
0457.jpg 47 294 120 350
0458.jpg 353 23 402 69
0459.jpg 201 1 259 63
0460.jpg 386 181 479 287
0461.jpg 38 276 74 312
0462.jpg 348 192 456 320
0463.jpg 228 232 282 296
0464.jpg 371 46 475 144
0465.jpg 293 231 392 347
0466.jpg 95 247 180 355
0467.jpg 8 19 81 83
0468.jpg 350 164 471 252
0469.jpg 210 61 272 117
0470.jpg 117 18 185 100
0471.jpg 5 250 50 310
0472.jpg 268 234 336 316
0473.jpg 115 275 176 357
0474.jpg 105 17 197 83
0475.jpg 166 7 220 71
0476.jpg 45 22 118 78
0477.jpg 21 240 133 347
0478.jpg 319 5 353 51
0479.jpg 58 69 106 105
0480.jpg 195 155 339 263
0481.jpg 83 142 200 290
0482.jpg 417 41 456 87
0483.jpg 96 233 228 331
0484.jpg 185 253 259 351
0485.jpg 280 222 401 310
0486.jpg 238 239 299 321
0487.jpg 60 198 160 327
0488.jpg 135 9 171 45
0489.jpg 302 224 403 310
0490.jpg 358 288 424 351
0491.jpg 3 136 135 234
0492.jpg 54 100 96 155
0493.jpg 356 24 432 131
0494.jpg 109 204 200 316
0495.jpg 86 104 179 210
0496.jpg 23 89 191 205
0497.jpg 378 275 457 346
0498.jpg 9 71 110 157
0499.jpg 44 254 138 335
0500.jpg 91 13 171 103
0501.jpg 346 258 401 304
0502.jpg 347 15 425 72
0503.jpg 241 266 292 322
0504.jpg 385 49 443 111
0505.jpg 194 32 246 103
0506.jpg 233 268 318 340
0507.jpg 351 231 413 287
0508.jpg 145 255 219 339
0509.jpg 378 305 414 341
0510.jpg 255 216 306 272
0511.jpg 207 197 346 327
0512.jpg 2 76 134 174
0513.jpg 348 57 478 146
0514.jpg 299 49 427 178
0515.jpg 303 144 420 292
0516.jpg 33 61 118 133
0517.jpg 6 273 92 355
0518.jpg 221 0 291 89
0519.jpg 13 248 49 284
0520.jpg 288 70 430 168
0521.jpg 264 30 315 86
0522.jpg 329 155 471 253
0523.jpg 205 70 248 116
0524.jpg 10 187 124 315
0525.jpg 20 141 124 249
0526.jpg 328 171 449 259
0527.jpg 57 23 116 92
0528.jpg 280 260 360 350
0529.jpg 275 216 387 323
0530.jpg 352 223 449 314
0531.jpg 301 38 415 136
0532.jpg 292 265 371 336
0533.jpg 253 35 314 117
0534.jpg 69 108 118 154
0535.jpg 36 230 128 358
0536.jpg 328 212 472 320
0537.jpg 34 211 161 320
0538.jpg 152 159 191 205
0539.jpg 411 146 447 182
0540.jpg 257 15 318 97
0541.jpg 20 82 96 149
0542.jpg 247 273 298 329
0543.jpg 215 180 254 226
0544.jpg 190 31 311 119
0545.jpg 347 6 433 88
0546.jpg 277 312 305 348
0547.jpg 301 77 393 143
0548.jpg 0 237 142 335
0549.jpg 74 204 220 352
0550.jpg 271 197 381 279
0551.jpg 356 217 479 333
0552.jpg 157 14 254 105
0553.jpg 221 65 301 147
0554.jpg 346 263 435 350
0555.jpg 205 2 257 73
0556.jpg 316 247 448 345
0557.jpg 36 57 84 93
0558.jpg 111 27 185 111
0559.jpg 402 250 460 312
0560.jpg 163 15 215 86
0561.jpg 24 4 117 110
0562.jpg 16 199 89 255
0563.jpg 266 261 351 333
0564.jpg 245 1 325 83
0565.jpg 5 204 48 250
0566.jpg 182 181 279 272
0567.jpg 152 173 249 264
0568.jpg 176 26 215 72
0569.jpg 3 167 130 276
0570.jpg 29 204 121 270
0571.jpg 49 284 134 356
0572.jpg 24 2 52 38
0573.jpg 187 252 239 323
0574.jpg 417 31 460 77
0575.jpg 148 216 254 306
0576.jpg 5 152 63 214
0577.jpg 176 194 261 302
0578.jpg 77 271 172 357
0579.jpg 393 243 438 303
0580.jpg 291 61 342 117
0581.jpg 29 263 135 353
0582.jpg 4 54 77 110
0583.jpg 354 43 478 191
0584.jpg 322 23 416 104
0585.jpg 177 268 247 357
0586.jpg 97 143 207 225
0587.jpg 362 281 438 348
0588.jpg 260 262 349 349
0589.jpg 40 128 173 242
0590.jpg 357 3 423 66
0591.jpg 241 289 319 346
0592.jpg 84 267 173 354
0593.jpg 31 49 95 95
0594.jpg 106 261 161 307
0595.jpg 268 174 317 220
0596.jpg 305 25 432 134
0597.jpg 141 233 273 331
0598.jpg 111 239 166 285
0599.jpg 407 172 468 254
0600.jpg 385 52 479 133
0601.jpg 203 274 271 356
0602.jpg 148 228 206 290
0603.jpg 400 124 448 160
0604.jpg 357 193 409 264
0605.jpg 42 154 127 252
0606.jpg 269 136 404 284
0607.jpg 125 218 241 329
0608.jpg 22 180 143 268
0609.jpg 62 197 136 295
0610.jpg 298 156 392 237
0611.jpg 371 265 450 336
0612.jpg 271 44 415 152
0613.jpg 58 80 110 151
0614.jpg 34 129 169 277
0615.jpg 103 219 215 326
0616.jpg 9 51 194 178
0617.jpg 196 3 272 70
0618.jpg 38 240 102 286
0619.jpg 346 78 410 124
0620.jpg 167 205 215 241
0621.jpg 27 230 212 357
0622.jpg 402 104 478 171
0623.jpg 202 245 294 311
0624.jpg 137 52 211 150
0625.jpg 118 141 198 223
0626.jpg 244 227 365 315
0627.jpg 347 11 477 159
0628.jpg 163 162 287 310
0629.jpg 95 149 180 247
0630.jpg 140 89 188 125
0631.jpg 395 142 429 188
0632.jpg 264 225 363 341
0633.jpg 385 25 458 81
0634.jpg 14 102 73 171
0635.jpg 9 6 116 154
0636.jpg 370 217 454 333
0637.jpg 74 39 154 121
0638.jpg 17 14 116 130
0639.jpg 421 54 457 90
0640.jpg 316 3 428 110
0641.jpg 324 200 373 246
0642.jpg 65 41 207 139
0643.jpg 25 70 135 152
0644.jpg 14 15 99 113
0645.jpg 378 256 429 312
0646.jpg 94 69 200 159
0647.jpg 54 65 124 136
0648.jpg 283 245 413 334
0649.jpg 183 259 313 348
0650.jpg 307 258 401 339
0651.jpg 194 196 236 251
0652.jpg 64 131 199 279
0653.jpg 154 60 260 150
0654.jpg 418 245 452 291
0655.jpg 397 10 477 100
0656.jpg 445 3 473 39
0657.jpg 326 137 456 226
0658.jpg 282 181 377 279
0659.jpg 0 137 127 246
0660.jpg 169 242 249 332
0661.jpg 358 120 474 231
0662.jpg 333 226 372 272
0663.jpg 253 67 311 129
0664.jpg 75 10 149 108
0665.jpg 257 260 352 358
0666.jpg 349 66 408 135
0667.jpg 1 187 108 335
0668.jpg 57 87 118 169
0669.jpg 367 237 471 335
0670.jpg 399 283 447 319
0671.jpg 261 171 407 319
0672.jpg 428 20 470 75
0673.jpg 81 116 204 232
0674.jpg 416 229 458 284
0675.jpg 340 301 383 347
0676.jpg 76 140 190 238
0677.jpg 112 275 170 337
0678.jpg 271 259 365 340
0679.jpg 100 139 149 185
0680.jpg 260 257 392 355
0681.jpg 242 238 343 324
0682.jpg 133 30 169 66
0683.jpg 88 2 136 66
0684.jpg 28 321 56 357
0685.jpg 109 37 203 118
0686.jpg 164 268 222 330
0687.jpg 11 69 108 160
0688.jpg 176 36 231 82
0689.jpg 334 259 418 322
0690.jpg 272 48 345 112
0691.jpg 44 93 99 139
0692.jpg 385 203 446 285
0693.jpg 269 35 320 91
0694.jpg 162 7 268 97
0695.jpg 216 244 286 333
0696.jpg 120 15 240 144
0697.jpg 270 12 356 94
0698.jpg 260 109 475 257
0699.jpg 7 8 222 156
0700.jpg 201 284 252 340
0701.jpg 72 69 204 167
0702.jpg 318 247 445 356
0703.jpg 87 156 150 227
0704.jpg 118 18 211 124
0705.jpg 47 198 228 346
0706.jpg 302 22 365 93
0707.jpg 134 204 200 267
0708.jpg 139 92 188 138
0709.jpg 26 100 121 198
0710.jpg 58 31 142 147
0711.jpg 14 96 170 225
0712.jpg 17 211 145 340
0713.jpg 153 205 229 312
0714.jpg 20 119 63 165
0715.jpg 269 222 373 320
0716.jpg 138 242 218 332
0717.jpg 26 101 130 209
0718.jpg 70 57 178 185
0719.jpg 65 91 235 239
0720.jpg 129 110 256 219
0721.jpg 24 98 239 246
0722.jpg 11 44 135 192
0723.jpg 342 240 401 309
0724.jpg 231 8 326 94
0725.jpg 338 233 442 331
0726.jpg 383 23 468 95
0727.jpg 49 14 170 120
0728.jpg 187 8 284 99
0729.jpg 347 171 440 277
0730.jpg 71 280 137 343
0731.jpg 329 202 405 309
0732.jpg 330 225 457 334
0733.jpg 170 64 243 120
0734.jpg 20 163 152 261
0735.jpg 0 267 84 330
0736.jpg 427 9 455 45
0737.jpg 348 46 402 110
0738.jpg 53 195 183 284
0739.jpg 43 128 199 257
0740.jpg 451 261 479 297
0741.jpg 27 169 107 251
0742.jpg 103 121 167 167
0743.jpg 362 283 432 354
0744.jpg 154 158 202 222
0745.jpg 65 233 169 331
0746.jpg 336 2 475 132
0747.jpg 294 251 379 359
0748.jpg 262 274 332 345
0749.jpg 261 50 375 148
0750.jpg 291 251 412 339
0751.jpg 84 228 205 334
0752.jpg 338 209 390 280
0753.jpg 241 11 357 122
0754.jpg 317 74 383 137
0755.jpg 247 33 345 142
0756.jpg 221 237 297 344
0757.jpg 11 33 138 142
0758.jpg 192 46 243 102
0759.jpg 131 203 174 249
0760.jpg 152 86 203 142
0761.jpg 187 262 297 344
0762.jpg 194 203 252 265
0763.jpg 78 30 126 66
0764.jpg 84 64 112 100
0765.jpg 64 122 118 186
0766.jpg 348 286 449 358
0767.jpg 30 90 110 180
0768.jpg 11 79 75 168
0769.jpg 29 276 90 358
0770.jpg 29 58 107 115
0771.jpg 221 263 300 334
0772.jpg 183 255 231 319
0773.jpg 32 11 118 93
0774.jpg 352 259 458 349
0775.jpg 137 183 244 299
0776.jpg 225 229 380 345
0777.jpg 162 263 242 353
0778.jpg 16 171 105 258
0779.jpg 110 22 184 106
0780.jpg 78 18 173 104
0781.jpg 324 75 403 146
0782.jpg 394 241 478 304
0783.jpg 135 251 221 333
0784.jpg 14 168 68 232
0785.jpg 189 26 269 116
0786.jpg 4 82 52 118
0787.jpg 185 5 249 51
0788.jpg 262 104 307 164
0789.jpg 309 179 373 268
0790.jpg 292 95 328 131
0791.jpg 99 178 256 326
0792.jpg 315 160 400 268
0793.jpg 346 48 474 177
0794.jpg 227 260 359 358
0795.jpg 340 60 475 208
0796.jpg 60 222 102 277
0797.jpg 429 58 474 118
0798.jpg 63 269 129 332
0799.jpg 362 54 398 90
0800.jpg 309 277 364 323
0801.jpg 261 135 382 241
0802.jpg 245 22 375 111
0803.jpg 251 226 309 288
0804.jpg 282 54 367 152
0805.jpg 221 192 342 298
0806.jpg 46 113 126 195
0807.jpg 196 193 257 275
0808.jpg 131 273 174 319
0809.jpg 333 287 384 343
0810.jpg 163 223 258 321
0811.jpg 264 46 337 110
0812.jpg 100 284 170 355
0813.jpg 400 152 479 223
0814.jpg 115 28 160 88
0815.jpg 297 11 413 93
0816.jpg 361 42 409 78
0817.jpg 358 45 407 91
0818.jpg 37 96 122 194
0819.jpg 43 250 149 340
0820.jpg 45 25 73 61
0821.jpg 223 87 251 123
0822.jpg 200 248 289 335
0823.jpg 413 105 474 187
0824.jpg 75 264 148 328
0825.jpg 129 1 183 65
0826.jpg 76 258 197 346
0827.jpg 22 221 102 311
0828.jpg 317 48 345 84
0829.jpg 93 277 151 339
0830.jpg 41 39 114 103
0831.jpg 49 120 196 248
0832.jpg 18 93 86 175
0833.jpg 61 119 162 205
0834.jpg 184 242 285 314
0835.jpg 17 76 93 143
0836.jpg 249 4 291 59
0837.jpg 347 95 390 141
0838.jpg 21 49 137 131
0839.jpg 37 225 130 331
0840.jpg 331 46 473 144
0841.jpg 201 247 305 355
0842.jpg 174 228 284 310
0843.jpg 71 32 141 121
0844.jpg 172 238 224 309
0845.jpg 128 147 179 203
0846.jpg 49 30 122 86
0847.jpg 214 223 287 279
0848.jpg 239 212 340 284
0849.jpg 388 121 473 219
0850.jpg 233 1 309 68
0851.jpg 150 5 229 76
0852.jpg 404 128 468 217
0853.jpg 162 217 276 345
0854.jpg 170 240 268 349
0855.jpg 324 3 376 74
0856.jpg 213 213 271 275
0857.jpg 399 86 447 150
0858.jpg 16 241 139 357
0859.jpg 13 180 114 266
0860.jpg 54 216 244 347
0861.jpg 45 68 130 176
0862.jpg 315 6 379 52
0863.jpg 64 100 148 163
0864.jpg 343 12 432 99
0865.jpg 63 229 148 327
0866.jpg 309 154 423 282
0867.jpg 137 210 188 266
0868.jpg 312 34 404 100
0869.jpg 247 270 327 352
0870.jpg 62 177 125 248
0871.jpg 267 190 352 298
0872.jpg 42 49 136 130
0873.jpg 321 244 373 315
0874.jpg 172 26 273 112
0875.jpg 376 26 449 82
0876.jpg 43 28 135 156
0877.jpg 96 261 151 307
0878.jpg 368 228 475 344
0879.jpg 16 32 137 138
0880.jpg 253 32 332 103
0881.jpg 438 302 466 338
0882.jpg 244 266 360 348
0883.jpg 341 14 420 85
0884.jpg 18 85 175 233
0885.jpg 103 22 195 88
0886.jpg 327 179 395 261
0887.jpg 335 124 447 231
0888.jpg 239 257 305 320
0889.jpg 210 190 378 306
0890.jpg 294 228 388 309
0891.jpg 45 28 113 110
0892.jpg 398 99 456 161
0893.jpg 374 176 465 288
0894.jpg 313 84 349 120
0895.jpg 293 222 434 338
0896.jpg 10 226 99 313
0897.jpg 146 159 222 226
0898.jpg 59 138 244 265
0899.jpg 402 160 457 206
0900.jpg 388 291 446 353
0901.jpg 133 56 199 119
0902.jpg 105 66 251 214
0903.jpg 162 235 238 302
0904.jpg 123 230 227 338
0905.jpg 223 257 262 303
0906.jpg 37 131 131 212
0907.jpg 55 36 100 96
0908.jpg 100 235 180 325
0909.jpg 351 210 450 326
0910.jpg 250 38 304 102
0911.jpg 236 1 369 115
0912.jpg 146 95 253 211
0913.jpg 184 101 285 173
0914.jpg 62 26 169 142
0915.jpg 73 242 214 358
0916.jpg 356 57 426 146
0917.jpg 0 136 54 200
0918.jpg 288 104 418 193
0919.jpg 283 69 410 178
0920.jpg 301 4 387 86
0921.jpg 213 276 268 322
0922.jpg 172 224 242 313
0923.jpg 249 16 390 132
0924.jpg 275 215 360 313
0925.jpg 262 188 356 269
0926.jpg 15 245 107 311
0927.jpg 159 281 229 352
0928.jpg 324 67 456 165
0929.jpg 215 32 269 96
0930.jpg 16 124 130 222
0931.jpg 379 14 440 96
0932.jpg 314 235 388 319
0933.jpg 71 192 144 256
0934.jpg 41 159 135 240
0935.jpg 17 175 145 304
0936.jpg 346 194 382 230
0937.jpg 51 149 117 212
0938.jpg 402 12 478 119
0939.jpg 383 89 468 197
0940.jpg 44 14 183 144
0941.jpg 102 2 130 38
0942.jpg 43 7 136 113
0943.jpg 172 12 231 81
0944.jpg 55 164 159 272
0945.jpg 37 85 99 141
0946.jpg 63 75 105 130
0947.jpg 99 312 154 358
0948.jpg 300 7 395 93
0949.jpg 171 8 268 99
0950.jpg 53 91 160 239
0951.jpg 149 2 248 118
0952.jpg 61 152 104 198
0953.jpg 304 124 380 191
0954.jpg 41 15 126 87
0955.jpg 339 165 373 211
0956.jpg 328 295 367 341
0957.jpg 253 238 331 295
0958.jpg 128 194 258 283
0959.jpg 106 12 172 75
0960.jpg 292 99 372 189
0961.jpg 17 161 93 268
0962.jpg 78 43 184 133
0963.jpg 45 34 152 150
0964.jpg 265 8 386 96
0965.jpg 391 114 465 212
0966.jpg 349 56 434 154
0967.jpg 55 219 135 301
0968.jpg 104 89 152 125
0969.jpg 285 132 344 201
0970.jpg 50 186 167 334
0971.jpg 46 151 89 197
0972.jpg 408 276 453 336
0973.jpg 154 19 260 109
0974.jpg 21 200 156 348
0975.jpg 0 37 107 185
0976.jpg 32 247 138 337
0977.jpg 130 233 257 342
0978.jpg 45 132 136 244
0979.jpg 77 0 147 89
0980.jpg 215 228 289 312
0981.jpg 355 57 435 147
0982.jpg 169 259 290 347
0983.jpg 46 118 125 189
0984.jpg 214 195 341 304
0985.jpg 105 218 185 300
0986.jpg 307 228 448 344
0987.jpg 275 82 379 190
0988.jpg 2 126 106 234
0989.jpg 15 171 107 299
0990.jpg 381 72 417 108
0991.jpg 361 210 404 256
0992.jpg 99 202 270 329
0993.jpg 392 123 440 159
0994.jpg 392 9 468 116
0995.jpg 54 4 161 120
0996.jpg 337 213 445 341
0997.jpg 81 197 155 295
0998.jpg 48 13 82 59
0999.jpg 102 256 178 323
1000.jpg 335 179 467 277
0001.jpg 300 180 456 288
0002.jpg 47 73 99 144
0003.jpg 401 147 453 218
0004.jpg 277 223 313 259
0005.jpg 370 18 478 146
0006.jpg 373 57 453 147
0007.jpg 11 7 132 113
0008.jpg 338 253 423 325
0009.jpg 368 40 460 168
0010.jpg 54 34 184 182
0011.jpg 288 240 324 276
0012.jpg 46 198 163 346
0013.jpg 52 114 128 221
0014.jpg 131 257 245 355
0015.jpg 362 70 470 198
0016.jpg 362 225 426 271
0017.jpg 79 112 130 168
0018.jpg 313 12 383 83
0019.jpg 234 199 310 266
0020.jpg 357 193 458 265
0021.jpg 126 282 154 318
0022.jpg 316 45 400 108
0023.jpg 269 15 437 131
0024.jpg 3 188 37 234
0025.jpg 179 31 311 129
0026.jpg 308 246 388 336
0027.jpg 347 267 406 336
0028.jpg 89 65 134 125
0029.jpg 175 21 211 57
0030.jpg 346 64 469 180
0031.jpg 108 246 224 328
0032.jpg 9 56 126 204
0033.jpg 115 263 185 334
0034.jpg 271 12 316 72
0035.jpg 172 22 217 82
0036.jpg 146 7 247 79
0037.jpg 102 5 181 76
0038.jpg 176 24 224 60
0039.jpg 88 52 154 115
0040.jpg 329 267 402 331
0041.jpg 309 137 385 244
0042.jpg 12 253 104 319
0043.jpg 4 164 134 253
0044.jpg 320 75 461 191
0045.jpg 284 99 441 247
0046.jpg 204 25 293 112
0047.jpg 128 182 173 242
0048.jpg 274 308 310 344
0049.jpg 353 34 405 105
0050.jpg 357 183 449 311
0051.jpg 321 73 444 189
0052.jpg 331 173 439 301
0053.jpg 102 153 176 251
0054.jpg 374 18 450 125
0055.jpg 311 188 403 254
0056.jpg 42 111 175 225
0057.jpg 64 135 220 264
0058.jpg 357 252 411 316
0059.jpg 90 10 124 56
0060.jpg 272 238 382 320
0061.jpg 301 229 440 359
0062.jpg 383 108 475 236
0063.jpg 97 53 198 139
0064.jpg 346 199 424 256
0065.jpg 121 180 180 249
0066.jpg 267 200 384 348
0067.jpg 12 276 78 339
0068.jpg 342 48 446 156
0069.jpg 83 114 149 177
0070.jpg 44 187 168 335
0071.jpg 316 205 386 276
0072.jpg 192 214 293 300
0073.jpg 394 70 422 106
0074.jpg 231 261 325 342
0075.jpg 377 251 447 322
0076.jpg 84 232 226 330
0077.jpg 147 203 257 285
0078.jpg 194 245 262 327
0079.jpg 46 247 131 345
0080.jpg 21 100 97 167
0081.jpg 89 212 231 310
0082.jpg 94 271 145 327
0083.jpg 129 276 245 358
0084.jpg 339 13 417 70
0085.jpg 0 96 101 182
0086.jpg 319 165 367 201
0087.jpg 399 222 463 268
0088.jpg 267 120 335 202
0089.jpg 385 124 465 206
0090.jpg 208 54 343 202
0091.jpg 245 199 340 285
0092.jpg 319 278 362 324
0093.jpg 13 39 184 166
0094.jpg 47 113 109 169
0095.jpg 230 266 360 355
0096.jpg 0 237 95 323
0097.jpg 209 63 273 152
0098.jpg 343 59 411 141
0099.jpg 85 73 153 155
0100.jpg 12 86 90 143
0101.jpg 242 91 284 146
0102.jpg 166 217 342 348
0103.jpg 222 227 377 343
0104.jpg 377 262 443 325
0105.jpg 9 18 85 85
0106.jpg 252 228 368 339
0107.jpg 189 180 255 243
0108.jpg 0 198 64 244
0109.jpg 14 63 87 127
0110.jpg 309 33 394 105
0111.jpg 236 16 306 87
0112.jpg 360 168 464 276
0113.jpg 103 146 166 217
0114.jpg 85 53 231 201
0115.jpg 117 152 229 259
0116.jpg 309 123 373 169
0117.jpg 38 222 118 312
0118.jpg 8 189 114 279
0119.jpg 99 167 229 315
0120.jpg 68 210 249 358
0121.jpg 317 168 372 214
0122.jpg 89 122 123 168
0123.jpg 71 105 178 253
0124.jpg 199 308 242 354
0125.jpg 392 111 471 182
0126.jpg 317 201 365 237
0127.jpg 190 231 260 302
0128.jpg 355 217 398 263
0129.jpg 21 4 66 64
0130.jpg 138 230 261 346
0131.jpg 405 3 475 74
0132.jpg 17 81 118 153
0133.jpg 336 235 402 298
0134.jpg 99 58 150 114
0135.jpg 93 178 163 267
0136.jpg 326 291 399 355
0137.jpg 437 170 471 216
0138.jpg 369 25 435 88
0139.jpg 434 26 462 62
0140.jpg 32 142 131 258
0141.jpg 37 154 183 302
0142.jpg 288 250 415 359
0143.jpg 191 283 239 347
0144.jpg 45 9 137 75
0145.jpg 235 14 278 60
0146.jpg 33 292 87 356
0147.jpg 254 43 297 89
0148.jpg 64 25 138 109
0149.jpg 264 285 334 356
0150.jpg 376 269 412 305
0151.jpg 266 234 363 325
0152.jpg 395 100 459 189
0153.jpg 13 129 152 259
0154.jpg 29 181 161 279
0155.jpg 323 54 444 142
0156.jpg 181 241 245 287
0157.jpg 102 67 178 174
0158.jpg 153 260 257 358
0159.jpg 315 145 429 243
0160.jpg 209 267 261 338
0161.jpg 362 243 448 325
0162.jpg 171 265 249 322
0163.jpg 347 103 415 185
0164.jpg 118 48 198 138
0165.jpg 193 311 257 357
0166.jpg 147 249 251 347
0167.jpg 346 87 452 177
0168.jpg 23 64 194 191
0169.jpg 344 67 465 173
0170.jpg 58 23 164 113
0171.jpg 323 12 393 83
0172.jpg 338 120 468 268
0173.jpg 418 268 467 314
0174.jpg 342 85 472 233
0175.jpg 377 191 472 289
0176.jpg 108 7 182 91
0177.jpg 280 225 422 323
0178.jpg 302 219 382 301
0179.jpg 86 28 171 136
0180.jpg 119 186 204 284
0181.jpg 6 242 40 288
0182.jpg 96 149 188 277
0183.jpg 329 155 430 227
0184.jpg 188 226 264 293
0185.jpg 371 89 470 205
0186.jpg 31 33 107 100
0187.jpg 353 223 454 295
0188.jpg 424 105 466 160
0189.jpg 53 232 144 344
0190.jpg 26 78 211 205
0191.jpg 180 256 275 354
0192.jpg 261 258 353 324
0193.jpg 354 173 418 262
0194.jpg 15 41 43 77
0195.jpg 138 48 192 112
0196.jpg 370 56 474 164
0197.jpg 302 193 400 302
0198.jpg 83 98 131 134
0199.jpg 388 36 477 123
0200.jpg 108 203 228 332
0201.jpg 61 258 104 304
0202.jpg 292 192 396 300
0203.jpg 420 210 454 256
0204.jpg 296 16 435 146
0205.jpg 255 91 394 221
0206.jpg 71 28 120 74
0207.jpg 217 254 318 340
0208.jpg 23 83 93 172
0209.jpg 389 204 459 275
0210.jpg 15 76 63 112
0211.jpg 177 234 240 305
0212.jpg 26 53 96 142
0213.jpg 82 267 176 348
0214.jpg 41 295 92 351
0215.jpg 33 86 87 150
0216.jpg 44 260 139 346
0217.jpg 18 236 82 282
0218.jpg 131 11 186 57
0219.jpg 34 23 104 94
0220.jpg 375 218 423 282
0221.jpg 16 4 137 92
0222.jpg 309 141 377 223
0223.jpg 71 230 227 338
0224.jpg 368 177 420 248
0225.jpg 332 44 402 133
0226.jpg 360 62 464 160
0227.jpg 137 32 189 103
0228.jpg 23 194 109 276
0229.jpg 46 237 140 318
0230.jpg 372 43 463 155
0231.jpg 236 14 299 85
0232.jpg 362 200 454 266
0233.jpg 14 99 144 247
0234.jpg 9 32 43 78
0235.jpg 43 186 98 232
0236.jpg 49 274 103 338
0237.jpg 56 150 163 298
0238.jpg 8 146 132 294
0239.jpg 276 153 319 199
0240.jpg 152 44 220 126
0241.jpg 392 269 476 332
0242.jpg 156 16 201 76
0243.jpg 273 16 343 87
0244.jpg 272 282 336 328
0245.jpg 8 165 57 211
0246.jpg 332 16 410 73
0247.jpg 18 97 63 157
0248.jpg 47 260 120 316
0249.jpg 89 65 186 156
0250.jpg 383 128 463 218
0251.jpg 10 105 157 233
0252.jpg 113 241 193 331
0253.jpg 391 280 434 326
0254.jpg 309 49 408 165
0255.jpg 40 27 139 143
0256.jpg 362 180 410 216
0257.jpg 319 75 411 141
0258.jpg 2 208 129 317
0259.jpg 26 108 102 175
0260.jpg 356 110 445 197
0261.jpg 397 193 461 239
0262.jpg 4 121 95 233
0263.jpg 70 35 122 106
0264.jpg 93 64 154 146
0265.jpg 92 19 290 167
0266.jpg 11 24 115 132
0267.jpg 131 19 182 75
0268.jpg 119 152 155 188
0269.jpg 365 204 465 333
0270.jpg 102 235 145 281
0271.jpg 178 3 279 89
0272.jpg 398 172 461 243
0273.jpg 352 90 416 136
0274.jpg 29 181 175 329
0275.jpg 109 132 217 260
0276.jpg 60 151 114 215
0277.jpg 341 85 369 121
0278.jpg 38 248 100 304
0279.jpg 0 25 157 173
0280.jpg 114 141 230 223
0281.jpg 17 102 91 200
0282.jpg 389 102 474 210
0283.jpg 425 87 470 147
0284.jpg 427 40 466 86
0285.jpg 167 31 294 140
0286.jpg 353 242 438 314
0287.jpg 218 282 302 345
0288.jpg 299 227 348 273
0289.jpg 327 14 407 104
0290.jpg 42 174 223 322
0291.jpg 310 57 386 124
0292.jpg 46 132 135 219
0293.jpg 331 197 401 286
0294.jpg 22 124 117 210
0295.jpg 338 80 473 228
0296.jpg 169 206 228 275
0297.jpg 11 47 59 83
0298.jpg 47 300 95 336
0299.jpg 300 40 384 103
0300.jpg 210 130 305 216
0301.jpg 281 159 389 287
0302.jpg 239 21 334 107
0303.jpg 300 115 456 244
0304.jpg 255 230 328 294
0305.jpg 369 67 466 158
0306.jpg 379 222 476 313
0307.jpg 35 178 155 307
0308.jpg 231 15 325 96
0309.jpg 335 184 374 230
0310.jpg 5 22 50 82
0311.jpg 54 136 161 284
0312.jpg 314 111 392 168
0313.jpg 109 247 189 329
0314.jpg 7 283 83 350
0315.jpg 240 204 384 312
0316.jpg 48 44 118 115
0317.jpg 88 83 168 173
0318.jpg 26 192 96 263
0319.jpg 89 238 182 344
0320.jpg 187 192 311 340
0321.jpg 52 186 136 302
0322.jpg 150 11 184 57
0323.jpg 200 15 310 97
0324.jpg 262 254 335 318
0325.jpg 262 265 342 355
0326.jpg 55 273 114 342
0327.jpg 44 185 139 283
0328.jpg 240 95 274 141
0329.jpg 32 57 102 146
0330.jpg 350 233 430 323
0331.jpg 189 23 269 113
0332.jpg 177 31 263 113
0333.jpg 141 17 283 115
0334.jpg 396 70 466 141
0335.jpg 292 94 356 183
0336.jpg 328 37 467 167
0337.jpg 310 209 358 273
0338.jpg 59 222 98 268
0339.jpg 129 196 273 304
0340.jpg 282 231 453 358
0341.jpg 210 258 252 313
0342.jpg 129 164 261 262
0343.jpg 247 51 393 199
0344.jpg 9 190 93 253
0345.jpg 80 272 144 318
0346.jpg 330 99 457 208
0347.jpg 311 134 423 241
0348.jpg 106 292 172 355
0349.jpg 37 218 110 282
0350.jpg 226 295 268 350
0351.jpg 352 86 453 158
0352.jpg 89 15 219 104
0353.jpg 335 257 405 328
0354.jpg 144 241 248 349
0355.jpg 389 52 448 121
0356.jpg 121 26 157 62
0357.jpg 0 129 85 227
0358.jpg 55 3 147 131
0359.jpg 123 2 239 113
0360.jpg 122 232 192 303
0361.jpg 55 109 103 145
0362.jpg 400 48 476 155
0363.jpg 188 270 280 336
0364.jpg 371 46 468 137
0365.jpg 13 167 99 249
0366.jpg 326 253 396 342
0367.jpg 178 90 252 188
0368.jpg 245 231 329 294
0369.jpg 146 22 273 131
0370.jpg 244 82 372 211
0371.jpg 200 212 306 302
0372.jpg 191 259 295 357
0373.jpg 185 135 291 225
0374.jpg 374 160 472 269
0375.jpg 137 210 222 282
0376.jpg 378 174 463 246
0377.jpg 334 30 469 178
0378.jpg 356 93 408 164
0379.jpg 308 144 382 228
0380.jpg 308 36 438 125
0381.jpg 263 7 384 95
0382.jpg 10 168 131 256
0383.jpg 292 219 335 265
0384.jpg 305 105 415 187
0385.jpg 25 201 89 247
0386.jpg 365 28 401 64
0387.jpg 179 178 242 249
0388.jpg 400 151 452 222
0389.jpg 92 35 177 143
0390.jpg 3 276 67 322
0391.jpg 63 51 177 149
0392.jpg 374 245 478 353
0393.jpg 1 176 105 274
0394.jpg 311 244 396 316
0395.jpg 331 47 389 109
0396.jpg 19 71 116 162
0397.jpg 150 10 280 99
0398.jpg 14 99 112 208
0399.jpg 90 164 145 210
0400.jpg 358 247 443 355
0401.jpg 241 51 305 97
0402.jpg 134 24 235 96
0403.jpg 328 235 401 299
0404.jpg 28 6 79 62
0405.jpg 393 168 436 214
0406.jpg 41 45 136 131
0407.jpg 312 247 355 293
0408.jpg 20 169 105 267
0409.jpg 84 0 196 107
0410.jpg 282 311 310 347
0411.jpg 192 224 292 353
0412.jpg 325 91 353 127
0413.jpg 232 207 339 323
0414.jpg 345 235 436 347
0415.jpg 40 237 182 335
0416.jpg 253 296 319 359
0417.jpg 303 198 387 261
0418.jpg 288 64 350 120
0419.jpg 112 99 192 189
0420.jpg 322 147 421 263
0421.jpg 333 16 440 132
0422.jpg 316 98 405 185
0423.jpg 255 235 367 342
0424.jpg 284 182 384 311
0425.jpg 36 45 152 127
0426.jpg 170 173 244 271
0427.jpg 170 6 276 96
0428.jpg 14 7 128 135
0429.jpg 168 84 230 140
0430.jpg 152 221 296 329
0431.jpg 216 104 271 150
0432.jpg 400 67 474 151
0433.jpg 174 202 318 310
0434.jpg 127 263 195 345
0435.jpg 58 8 121 79
0436.jpg 362 40 476 168
0437.jpg 80 100 179 216
0438.jpg 192 18 284 84
0439.jpg 230 229 415 356
0440.jpg 229 268 280 324
0441.jpg 335 30 420 128
0442.jpg 268 213 322 277
0443.jpg 311 191 452 307
0444.jpg 122 180 232 262
0445.jpg 13 45 98 153
0446.jpg 336 205 466 294
0447.jpg 187 12 271 75
0448.jpg 167 104 230 175
0449.jpg 84 184 169 292
0450.jpg 224 17 282 79
0451.jpg 327 223 419 351
0452.jpg 294 217 386 283
0453.jpg 217 153 291 237
0454.jpg 113 56 197 119
0455.jpg 61 264 125 353
0456.jpg 26 181 90 227
0457.jpg 119 0 197 57
0458.jpg 343 109 457 237
0459.jpg 44 277 99 323
0460.jpg 109 221 221 328
0461.jpg 344 41 435 153
0462.jpg 16 11 158 109
0463.jpg 8 46 86 103
0464.jpg 221 319 269 355
0465.jpg 158 269 221 340
0466.jpg 355 311 383 347
0467.jpg 355 203 475 332
0468.jpg 167 88 201 134
0469.jpg 382 216 458 323
0470.jpg 135 54 224 141
0471.jpg 395 42 459 88
0472.jpg 342 230 475 344
0473.jpg 138 249 208 320
0474.jpg 136 1 184 65
0475.jpg 41 218 155 346
0476.jpg 17 97 173 226
0477.jpg 41 108 133 174
0478.jpg 188 204 298 286
0479.jpg 120 81 193 145
0480.jpg 323 202 407 265
0481.jpg 403 172 454 228
0482.jpg 355 68 409 132
0483.jpg 261 229 339 286
0484.jpg 26 82 194 198
0485.jpg 230 29 309 100
0486.jpg 143 13 244 99
0487.jpg 82 238 250 354
0488.jpg 53 166 87 212
0489.jpg 247 8 320 72
0490.jpg 2 53 78 120
0491.jpg 363 141 418 187
0492.jpg 68 94 166 203
0493.jpg 35 78 120 150
0494.jpg 28 177 113 249
0495.jpg 363 145 436 209
0496.jpg 58 195 153 293
0497.jpg 355 25 475 154
0498.jpg 424 219 473 265
0499.jpg 325 155 458 269
0500.jpg 288 15 343 61
0501.jpg 13 14 107 95
0502.jpg 18 247 113 345
0503.jpg 212 241 273 323
0504.jpg 245 262 325 352
0505.jpg 233 45 284 101
0506.jpg 245 76 281 112
0507.jpg 60 19 130 90
0508.jpg 267 230 310 276
0509.jpg 38 126 93 172
0510.jpg 338 213 471 327
0511.jpg 336 233 421 331
0512.jpg 285 104 455 252
0513.jpg 94 18 174 100
0514.jpg 405 235 478 291
0515.jpg 351 157 479 286
0516.jpg 258 34 328 123
0517.jpg 250 279 302 350
0518.jpg 68 50 132 96
0519.jpg 201 222 305 330
0520.jpg 359 166 432 230
0521.jpg 30 60 150 189
0522.jpg 26 225 94 307
0523.jpg 392 116 450 178
0524.jpg 35 108 128 214
0525.jpg 272 33 357 131
0526.jpg 38 39 139 111
0527.jpg 47 78 182 226
0528.jpg 20 154 130 236
0529.jpg 180 212 271 324
0530.jpg 45 151 159 279
0531.jpg 224 244 330 334
0532.jpg 149 207 270 295
0533.jpg 250 32 380 121
0534.jpg 10 241 78 323
0535.jpg 284 11 335 67
0536.jpg 163 243 237 327
0537.jpg 387 125 435 161
0538.jpg 154 162 284 310
0539.jpg 63 225 177 353
0540.jpg 156 1 229 57
0541.jpg 40 213 79 259
0542.jpg 230 15 415 142
0543.jpg 79 7 149 96
0544.jpg 394 251 422 287
0545.jpg 66 293 132 356
0546.jpg 129 275 183 339
0547.jpg 413 117 472 186
0548.jpg 31 300 109 357
0549.jpg 142 252 210 334
0550.jpg 294 204 418 352
0551.jpg 282 198 398 280
0552.jpg 252 69 300 133
0553.jpg 255 30 300 90
0554.jpg 71 199 188 347
0555.jpg 52 209 208 317
0556.jpg 124 177 280 285
0557.jpg 113 11 187 95
0558.jpg 49 249 142 355
0559.jpg 376 242 427 298
0560.jpg 196 0 328 98
0561.jpg 102 254 194 320
0562.jpg 106 31 180 129
0563.jpg 282 289 348 352
0564.jpg 402 241 438 277
0565.jpg 384 12 469 120
0566.jpg 16 251 90 349
0567.jpg 438 213 466 249
0568.jpg 80 194 295 342
0569.jpg 296 164 376 254
0570.jpg 83 43 147 89
0571.jpg 180 219 277 310
0572.jpg 90 244 124 290
0573.jpg 162 296 196 342
0574.jpg 157 258 223 321
0575.jpg 242 29 306 75
0576.jpg 137 37 186 83
0577.jpg 11 57 95 173
0578.jpg 11 65 65 129
0579.jpg 177 7 257 97
0580.jpg 169 242 262 348
0581.jpg 363 245 443 327
0582.jpg 198 36 260 92
0583.jpg 247 250 333 332
0584.jpg 313 242 414 328
0585.jpg 13 93 169 201
0586.jpg 300 64 404 172
0587.jpg 155 211 275 340
0588.jpg 65 42 212 170
0589.jpg 201 257 252 313
0590.jpg 307 187 377 276
0591.jpg 354 30 462 158
0592.jpg 0 194 80 284
0593.jpg 229 259 293 305
0594.jpg 64 230 232 346
0595.jpg 126 148 169 194
0596.jpg 8 159 165 307
0597.jpg 228 23 301 79
0598.jpg 263 116 390 225
0599.jpg 31 40 105 138
0600.jpg 22 103 146 251
0601.jpg 11 44 118 192
0602.jpg 17 158 109 286
0603.jpg 287 190 415 319
0604.jpg 149 227 249 356
0605.jpg 310 13 346 49
0606.jpg 386 181 472 263
0607.jpg 270 173 325 219
0608.jpg 327 206 388 288
0609.jpg 271 39 456 166
0610.jpg 173 228 221 292
0611.jpg 285 68 418 182
0612.jpg 379 31 459 121
0613.jpg 291 153 415 301
0614.jpg 270 286 362 352
0615.jpg 338 50 442 148
0616.jpg 37 126 138 198
0617.jpg 199 231 288 318
0618.jpg 365 260 466 332
0619.jpg 370 93 425 139
0620.jpg 262 189 397 337
0621.jpg 106 32 190 95
0622.jpg 84 222 211 331
0623.jpg 70 171 161 283
0624.jpg 77 88 207 177
0625.jpg 7 96 142 223
0626.jpg 219 303 261 358
0627.jpg 237 227 408 354
0628.jpg 195 68 240 128
0629.jpg 139 266 225 348
0630.jpg 62 83 107 143
0631.jpg 256 174 334 231
0632.jpg 117 188 259 286
0633.jpg 219 203 352 317
0634.jpg 313 258 419 348
0635.jpg 332 121 440 249
0636.jpg 217 177 297 259
0637.jpg 380 69 435 115
0638.jpg 20 162 96 229
0639.jpg 19 186 149 334
0640.jpg 35 147 103 229
0641.jpg 15 108 79 197
0642.jpg 81 26 109 62
0643.jpg 253 10 438 137
0644.jpg 171 54 205 100
0645.jpg 1 12 108 128
0646.jpg 99 15 226 124
0647.jpg 33 32 147 130
0648.jpg 338 193 424 275
0649.jpg 52 111 88 147
0650.jpg 87 115 214 224
0651.jpg 36 96 169 210
0652.jpg 1 13 77 80
0653.jpg 192 104 237 164
0654.jpg 149 50 279 198
0655.jpg 320 2 418 111
0656.jpg 133 55 206 111
0657.jpg 122 266 165 312
0658.jpg 129 136 191 192
0659.jpg 40 34 167 143
0660.jpg 427 214 476 260
0661.jpg 234 173 279 233
0662.jpg 346 193 409 264
0663.jpg 47 181 154 297
0664.jpg 162 226 225 297
0665.jpg 377 262 441 308
0666.jpg 57 21 85 57
0667.jpg 234 61 293 130
0668.jpg 283 165 403 294
0669.jpg 104 142 178 226
0670.jpg 192 18 293 90
0671.jpg 36 232 150 330
0672.jpg 100 249 174 333
0673.jpg 42 247 146 355
0674.jpg 65 194 149 257
0675.jpg 98 71 183 169
0676.jpg 14 302 48 348
0677.jpg 0 57 80 147
0678.jpg 47 61 123 128
0679.jpg 234 40 297 111
0680.jpg 111 97 227 208
0681.jpg 198 11 243 71
0682.jpg 4 78 159 194
0683.jpg 47 201 92 261
0684.jpg 144 316 180 352
0685.jpg 396 281 472 348
0686.jpg 12 220 151 350
0687.jpg 77 204 116 250
0688.jpg 60 208 145 306
0689.jpg 7 218 113 308
0690.jpg 41 114 155 212
0691.jpg 78 107 152 191
0692.jpg 353 256 421 338
0693.jpg 118 178 181 249
0694.jpg 219 283 258 329
0695.jpg 125 157 242 305
0696.jpg 107 85 166 154
0697.jpg 225 102 367 200
0698.jpg 293 31 367 129
0699.jpg 384 145 468 261
0700.jpg 345 129 459 257
0701.jpg 300 223 395 321
0702.jpg 160 211 222 267
0703.jpg 7 0 149 98
0704.jpg 241 184 333 250
0705.jpg 42 245 122 335
0706.jpg 14 147 155 263
0707.jpg 396 272 457 354
0708.jpg 57 93 143 175
0709.jpg 80 64 165 172
0710.jpg 402 21 464 77
0711.jpg 76 54 149 118
0712.jpg 19 197 142 313
0713.jpg 260 274 288 310
0714.jpg 50 238 136 320
0715.jpg 184 124 212 160
0716.jpg 399 60 427 96
0717.jpg 97 12 282 139
0718.jpg 364 232 438 316
0719.jpg 49 152 182 266
0720.jpg 334 1 426 67
0721.jpg 372 156 448 263
0722.jpg 109 130 229 259
0723.jpg 70 247 136 310
0724.jpg 231 143 265 189
0725.jpg 155 231 231 298
0726.jpg 121 213 219 322
0727.jpg 1 241 93 307
0728.jpg 414 171 477 242
0729.jpg 2 241 118 323
0730.jpg 81 87 167 169
0731.jpg 322 156 374 227
0732.jpg 346 54 420 152
0733.jpg 106 44 161 90
0734.jpg 28 101 243 249
0735.jpg 387 167 438 223
0736.jpg 421 135 476 181
0737.jpg 127 94 220 200
0738.jpg 33 207 118 279
0739.jpg 129 213 163 259
0740.jpg 22 197 65 243
0741.jpg 47 199 123 306
0742.jpg 129 144 177 208
0743.jpg 87 182 153 245
0744.jpg 413 298 449 334
0745.jpg 235 236 377 334
0746.jpg 85 50 161 117
0747.jpg 47 85 131 148
0748.jpg 347 253 427 343
0749.jpg 226 79 290 125
0750.jpg 7 230 81 328
0751.jpg 128 208 189 290
0752.jpg 383 28 442 97
0753.jpg 245 26 340 112
0754.jpg 322 251 356 297
0755.jpg 187 57 230 103
0756.jpg 293 34 382 121
0757.jpg 200 185 266 248
0758.jpg 353 247 427 331
0759.jpg 246 214 347 300
0760.jpg 353 35 467 163
0761.jpg 140 227 295 343
0762.jpg 44 26 114 115
0763.jpg 364 258 437 314
0764.jpg 68 10 172 118
0765.jpg 47 272 141 353
0766.jpg 0 208 120 337
0767.jpg 33 143 128 229
0768.jpg 137 242 223 324
0769.jpg 43 180 127 243
0770.jpg 331 9 394 80
0771.jpg 32 150 112 232
0772.jpg 389 298 431 353
0773.jpg 7 167 106 283
0774.jpg 252 280 328 347
0775.jpg 49 221 184 348
0776.jpg 217 192 331 290
0777.jpg 239 193 301 249
0778.jpg 334 265 435 351
0779.jpg 39 282 103 328
0780.jpg 328 86 406 143
0781.jpg 189 20 237 84
0782.jpg 335 248 398 319
0783.jpg 145 247 221 354
0784.jpg 23 151 85 207
0785.jpg 90 20 200 102
0786.jpg 302 69 354 140
0787.jpg 225 52 274 98
0788.jpg 333 135 450 283
0789.jpg 132 245 184 316
0790.jpg 184 193 325 309
0791.jpg 142 254 203 336
0792.jpg 140 275 182 330
0793.jpg 46 241 131 313
0794.jpg 83 241 159 348
0795.jpg 185 38 280 124
0796.jpg 307 86 428 174
0797.jpg 372 103 438 166
0798.jpg 312 290 354 345
0799.jpg 96 227 217 333
0800.jpg 12 96 96 159
0801.jpg 329 209 420 321
0802.jpg 144 46 208 92
0803.jpg 250 134 364 262
0804.jpg 272 136 453 284
0805.jpg 279 194 434 310
0806.jpg 322 237 398 344
0807.jpg 198 3 266 85
0808.jpg 188 21 261 85
0809.jpg 116 43 194 100
0810.jpg 14 156 63 202
0811.jpg 156 287 235 358
0812.jpg 179 256 264 328
0813.jpg 158 224 262 332
0814.jpg 32 16 118 98
0815.jpg 266 6 346 88
0816.jpg 204 204 274 293
0817.jpg 144 70 199 116
0818.jpg 72 218 108 254
0819.jpg 347 8 468 114
0820.jpg 343 248 438 334
0821.jpg 45 91 104 160
0822.jpg 78 20 123 80
0823.jpg 288 253 339 309
0824.jpg 360 286 402 341
0825.jpg 402 95 460 157
0826.jpg 385 32 451 95
0827.jpg 225 93 279 157
0828.jpg 298 255 334 291
0829.jpg 68 142 111 188
0830.jpg 199 0 273 98
0831.jpg 335 186 426 298
0832.jpg 336 172 404 254
0833.jpg 364 250 448 313
0834.jpg 365 255 457 321
0835.jpg 320 56 394 140
0836.jpg 252 233 337 305
0837.jpg 64 273 138 357
0838.jpg 138 233 218 315
0839.jpg 33 262 82 308
0840.jpg 382 147 460 204
0841.jpg 344 142 442 251
0842.jpg 196 291 239 337
0843.jpg 93 86 188 172
0844.jpg 316 94 359 140
0845.jpg 281 301 329 337
0846.jpg 249 227 365 309
0847.jpg 242 250 358 332
0848.jpg 113 226 161 262
0849.jpg 62 211 232 359
0850.jpg 9 133 73 222
0851.jpg 141 0 190 46
0852.jpg 360 170 454 251
0853.jpg 168 222 301 336
0854.jpg 284 235 383 351
0855.jpg 144 250 224 340
0856.jpg 199 235 284 333
0857.jpg 56 98 148 226
0858.jpg 278 236 362 352
0859.jpg 2 240 63 322
0860.jpg 136 208 252 290
0861.jpg 354 24 453 140
0862.jpg 329 241 420 353
0863.jpg 14 9 98 125
0864.jpg 30 220 94 266
0865.jpg 185 60 219 106
0866.jpg 333 156 407 240
0867.jpg 143 270 222 341
0868.jpg 123 208 202 279
0869.jpg 322 108 432 190
0870.jpg 287 133 422 260
0871.jpg 257 134 319 190
0872.jpg 59 205 95 241
0873.jpg 92 31 165 95
0874.jpg 47 246 99 317
0875.jpg 87 243 179 309
0876.jpg 43 45 128 117
0877.jpg 28 26 112 142
0878.jpg 396 291 424 327
0879.jpg 349 210 423 308
0880.jpg 87 183 277 314
0881.jpg 169 226 308 356
0882.jpg 158 146 209 202
0883.jpg 56 145 130 243
0884.jpg 73 41 136 112
0885.jpg 230 235 258 271
0886.jpg 377 191 477 320
0887.jpg 299 224 422 340
0888.jpg 106 215 213 331
0889.jpg 56 223 126 294
0890.jpg 195 186 274 257
0891.jpg 86 197 200 295
0892.jpg 69 131 143 229
0893.jpg 140 47 232 113
0894.jpg 17 253 79 309
0895.jpg 271 160 388 308
0896.jpg 263 191 360 282
0897.jpg 3 34 179 165
0898.jpg 201 207 274 271
0899.jpg 170 94 316 242
0900.jpg 131 112 329 260
0901.jpg 54 110 195 226
0902.jpg 278 18 434 126
0903.jpg 125 49 220 147
0904.jpg 42 38 143 124
0905.jpg 265 47 398 161
0906.jpg 257 30 396 160
0907.jpg 331 88 401 177
0908.jpg 159 234 237 291
0909.jpg 243 266 353 348
0910.jpg 210 63 261 119
0911.jpg 314 229 413 345
0912.jpg 59 213 182 329
0913.jpg 5 56 100 142
0914.jpg 152 244 228 311
0915.jpg 87 238 208 344
0916.jpg 377 23 476 139
0917.jpg 46 99 94 135
0918.jpg 122 4 206 67
0919.jpg 244 3 379 130
0920.jpg 302 304 366 350
0921.jpg 318 158 462 266
0922.jpg 27 202 126 318
0923.jpg 136 32 237 104
0924.jpg 89 224 117 260
0925.jpg 405 62 441 98
0926.jpg 278 187 323 247
0927.jpg 248 250 326 307
0928.jpg 333 23 381 87
0929.jpg 44 216 117 280
0930.jpg 372 186 478 276
0931.jpg 419 187 458 233
0932.jpg 347 273 390 319
0933.jpg 14 59 169 175
0934.jpg 65 63 108 109
0935.jpg 354 197 462 325
0936.jpg 85 74 186 146
0937.jpg 94 193 143 239
0938.jpg 119 111 192 167
0939.jpg 14 166 93 237
0940.jpg 404 124 468 170
0941.jpg 100 100 195 198
0942.jpg 365 113 429 202
0943.jpg 43 66 159 148
0944.jpg 140 129 268 258
0945.jpg 4 29 77 85
0946.jpg 98 180 255 328
0947.jpg 40 78 98 140
0948.jpg 61 113 113 184
0949.jpg 23 145 59 181
0950.jpg 322 190 364 245
0951.jpg 156 40 184 76
0952.jpg 308 41 366 103
0953.jpg 330 229 414 292
0954.jpg 23 220 151 349
0955.jpg 62 105 96 151
0956.jpg 5 19 89 82
0957.jpg 10 107 58 171
0958.jpg 149 198 256 346
0959.jpg 63 0 133 89
0960.jpg 81 299 123 354
0961.jpg 325 112 457 210
0962.jpg 285 1 364 72
0963.jpg 318 1 376 63
0964.jpg 413 25 456 71
0965.jpg 316 246 386 317
0966.jpg 312 161 366 225
0967.jpg 136 20 178 75
0968.jpg 362 184 463 270
0969.jpg 62 219 146 282
0970.jpg 16 98 92 205
0971.jpg 35 87 89 151
0972.jpg 382 260 477 358
0973.jpg 124 63 152 99
0974.jpg 309 250 352 296
0975.jpg 157 208 191 254
0976.jpg 347 261 461 359
0977.jpg 244 252 328 315
0978.jpg 262 304 301 350
0979.jpg 79 185 179 314
0980.jpg 108 220 240 318
0981.jpg 328 233 429 305
0982.jpg 78 256 152 354
0983.jpg 33 71 109 138
0984.jpg 131 56 223 122
0985.jpg 211 205 327 316
0986.jpg 199 229 306 345
0987.jpg 77 72 125 136
0988.jpg 29 174 113 237
0989.jpg 279 226 364 324
0990.jpg 68 64 160 192
0991.jpg 177 257 247 328
0992.jpg 32 28 93 110
0993.jpg 280 178 366 260
0994.jpg 63 211 127 300
0995.jpg 84 228 168 344
0996.jpg 217 310 265 346
0997.jpg 387 243 472 341
0998.jpg 0 99 78 156
0999.jpg 388 127 416 163
1000.jpg 18 175 126 303
0001.jpg 306 233 379 289
0002.jpg 43 170 79 206
0003.jpg 60 299 115 345
0004.jpg 57 206 96 252
0005.jpg 256 301 298 356
0006.jpg 17 117 53 153
0007.jpg 376 260 460 323
0008.jpg 229 3 277 39
0009.jpg 405 12 475 83
0010.jpg 50 233 154 341
0011.jpg 91 106 171 188
0012.jpg 27 129 70 175
0013.jpg 266 292 350 355
0014.jpg 216 213 280 302
0015.jpg 379 217 470 329
0016.jpg 13 133 55 188
0017.jpg 385 188 459 272
0018.jpg 398 170 477 241
0019.jpg 140 25 232 91
0020.jpg 239 33 317 90
0021.jpg 24 203 63 249
0022.jpg 395 206 479 322
0023.jpg 159 103 235 210
0024.jpg 356 209 453 300
0025.jpg 233 292 295 348
0026.jpg 86 263 166 353
0027.jpg 311 64 359 100
0028.jpg 57 26 121 115
0029.jpg 335 59 449 187
0030.jpg 301 16 385 79
0031.jpg 53 153 188 301
0032.jpg 0 88 52 159
0033.jpg 293 73 421 202
0034.jpg 29 171 137 299
0035.jpg 400 250 462 306
0036.jpg 91 322 119 358
0037.jpg 101 246 215 344
0038.jpg 296 30 335 76
0039.jpg 319 36 398 107
0040.jpg 9 250 141 348
0041.jpg 116 61 189 125
0042.jpg 350 25 466 107
0043.jpg 66 40 158 106
0044.jpg 24 211 131 359
0045.jpg 161 286 209 322
0046.jpg 245 237 413 353
0047.jpg 292 188 449 336
0048.jpg 76 207 125 253
0049.jpg 288 28 342 92
0050.jpg 340 55 395 101
0051.jpg 174 13 240 76
0052.jpg 393 153 469 220
0053.jpg 46 11 110 100
0054.jpg 422 219 470 255
0055.jpg 61 89 109 125
0056.jpg 21 192 80 261
0057.jpg 45 269 125 359
0058.jpg 316 39 473 187
0059.jpg 57 311 93 347
0060.jpg 209 145 252 191
0061.jpg 76 165 168 293
0062.jpg 226 221 287 303
0063.jpg 50 185 180 274
0064.jpg 113 50 177 139
0065.jpg 27 252 122 350
0066.jpg 42 242 108 305
0067.jpg 90 170 196 260
0068.jpg 379 282 464 354
0069.jpg 383 64 422 110
0070.jpg 324 74 468 182
0071.jpg 312 170 459 298
0072.jpg 211 183 297 265
0073.jpg 87 2 157 73
0074.jpg 275 131 355 221
0075.jpg 26 70 54 106
0076.jpg 116 181 262 329
0077.jpg 17 200 164 328
0078.jpg 329 13 459 102
0079.jpg 24 214 152 343
0080.jpg 4 127 74 198
0081.jpg 293 235 361 317
0082.jpg 395 310 450 356
0083.jpg 79 251 159 341
0084.jpg 72 263 140 345
0085.jpg 213 248 327 346
0086.jpg 258 246 320 302
0087.jpg 234 235 348 333
0088.jpg 320 123 369 169
0089.jpg 61 215 162 287
0090.jpg 16 214 149 328
0091.jpg 217 141 364 269
0092.jpg 252 61 372 190
0093.jpg 66 104 128 160
0094.jpg 167 19 240 75
0095.jpg 110 21 252 119
0096.jpg 250 248 382 346
0097.jpg 240 230 302 286
0098.jpg 50 98 116 161
0099.jpg 422 279 465 325
0100.jpg 320 21 418 130
0101.jpg 80 264 131 320
0102.jpg 181 193 322 309
0103.jpg 173 244 222 290
0104.jpg 21 11 128 127
0105.jpg 24 36 144 165
0106.jpg 296 209 417 315
0107.jpg 40 287 99 356
0108.jpg 400 252 459 321
0109.jpg 218 71 254 107
0110.jpg 31 241 101 330
0111.jpg 16 202 96 284
0112.jpg 194 51 233 97
0113.jpg 334 222 473 352
0114.jpg 196 305 239 351
0115.jpg 15 39 95 129
0116.jpg 322 110 434 217
0117.jpg 283 40 311 76
0118.jpg 48 281 97 327
0119.jpg 37 139 208 266
0120.jpg 421 312 469 348
0121.jpg 81 186 129 222
0122.jpg 19 140 149 229
0123.jpg 280 16 356 83
0124.jpg 373 7 446 63
0125.jpg 345 143 445 272
0126.jpg 82 122 167 220
0127.jpg 74 267 123 313
0128.jpg 363 264 437 348
0129.jpg 98 240 240 338
0130.jpg 94 266 178 329
0131.jpg 372 50 420 86
0132.jpg 89 211 169 301
0133.jpg 297 200 377 290
0134.jpg 335 188 398 259
0135.jpg 355 122 456 208
0136.jpg 283 37 406 153
0137.jpg 29 114 170 230
0138.jpg 57 55 141 171
0139.jpg 124 302 172 338
0140.jpg 11 120 110 236
0141.jpg 18 167 153 294
0142.jpg 325 145 464 275
0143.jpg 350 228 414 317
0144.jpg 25 17 139 115
0145.jpg 119 315 147 351
0146.jpg 305 75 437 173
0147.jpg 319 80 454 228
0148.jpg 6 115 145 245
0149.jpg 10 206 143 320
0150.jpg 375 39 460 111
0151.jpg 8 36 103 122
0152.jpg 433 3 472 49
0153.jpg 108 23 188 105
0154.jpg 339 28 471 126
0155.jpg 104 136 156 207
0156.jpg 339 63 440 149
0157.jpg 73 70 206 184
0158.jpg 358 195 397 241
0159.jpg 93 217 188 303
0160.jpg 299 110 467 226
0161.jpg 76 265 154 322
0162.jpg 79 176 127 240
0163.jpg 151 274 267 356
0164.jpg 240 176 396 284
0165.jpg 5 246 53 310
0166.jpg 207 54 235 90
0167.jpg 367 219 441 303
0168.jpg 24 103 157 217
0169.jpg 331 167 422 279
0170.jpg 335 85 394 154
0171.jpg 107 50 150 96
0172.jpg 6 128 113 276
0173.jpg 254 279 338 342
0174.jpg 50 275 126 342
0175.jpg 42 276 115 332
0176.jpg 367 90 471 198
0177.jpg 167 255 264 346
0178.jpg 63 148 102 194
0179.jpg 305 97 426 203
0180.jpg 327 47 473 195
0181.jpg 81 91 135 155
0182.jpg 377 241 462 349
0183.jpg 366 296 400 342
0184.jpg 277 7 335 69
0185.jpg 87 177 167 259
0186.jpg 350 123 450 252
0187.jpg 57 88 152 186
0188.jpg 62 37 154 103
0189.jpg 129 21 168 67
0190.jpg 83 257 151 339
0191.jpg 286 195 467 343
0192.jpg 79 134 189 216
0193.jpg 288 225 382 306
0194.jpg 149 250 225 317
0195.jpg 84 186 204 315
0196.jpg 274 283 332 345
0197.jpg 2 78 51 124
0198.jpg 388 72 449 154
0199.jpg 126 42 227 114
0200.jpg 387 193 451 282
0201.jpg 419 241 467 305
0202.jpg 198 221 296 330
0203.jpg 22 176 98 283
0204.jpg 140 244 261 332
0205.jpg 333 162 440 310
0206.jpg 171 301 214 347
0207.jpg 15 114 91 221
0208.jpg 317 246 433 357
0209.jpg 94 252 206 359
0210.jpg 38 121 80 176
0211.jpg 397 155 471 253
0212.jpg 431 292 473 347
0213.jpg 296 251 369 307
0214.jpg 171 235 255 351
0215.jpg 54 236 168 334
0216.jpg 329 226 387 288
0217.jpg 66 217 165 333
0218.jpg 246 211 402 319
0219.jpg 31 222 147 333
0220.jpg 383 186 463 268
0221.jpg 312 130 429 278
0222.jpg 47 163 175 292
0223.jpg 260 232 345 330
0224.jpg 226 242 302 349
0225.jpg 21 230 151 319
0226.jpg 59 163 93 209
0227.jpg 378 130 473 228
0228.jpg 157 179 205 215
0229.jpg 174 251 304 340
0230.jpg 134 182 228 263
0231.jpg 257 84 330 140
0232.jpg 101 171 143 226
0233.jpg 245 267 311 330
0234.jpg 321 271 391 342
0235.jpg 48 18 124 125
0236.jpg 180 207 284 305
0237.jpg 369 64 461 192
0238.jpg 34 201 110 308
0239.jpg 97 130 207 212
0240.jpg 81 141 201 270
0241.jpg 385 76 470 174
0242.jpg 109 36 210 122
0243.jpg 233 276 261 312
0244.jpg 36 38 90 102
0245.jpg 67 211 137 300
0246.jpg 7 120 55 184
0247.jpg 50 12 84 58
0248.jpg 346 220 431 318
0249.jpg 55 75 140 173
0250.jpg 197 4 318 110
0251.jpg 351 123 385 169
0252.jpg 280 219 353 275
0253.jpg 375 131 460 239
0254.jpg 25 111 104 182
0255.jpg 365 34 469 142
0256.jpg 381 191 466 289
0257.jpg 21 214 156 341
0258.jpg 7 8 87 90
0259.jpg 342 17 418 84
0260.jpg 346 108 410 197
0261.jpg 1 214 113 321
0262.jpg 362 119 404 174
0263.jpg 315 31 385 102
0264.jpg 370 163 465 249
0265.jpg 157 102 263 192
0266.jpg 178 1 270 67
0267.jpg 4 19 93 106
0268.jpg 16 43 132 154
0269.jpg 350 159 399 205
0270.jpg 378 221 454 328
0271.jpg 86 244 138 315
0272.jpg 6 146 76 235
0273.jpg 36 255 104 337
0274.jpg 330 257 431 343
0275.jpg 90 123 198 251
0276.jpg 122 232 170 268
0277.jpg 18 139 118 268
0278.jpg 383 119 474 231
0279.jpg 408 137 447 183
0280.jpg 103 82 209 172
0281.jpg 258 194 342 310
0282.jpg 140 37 252 144
0283.jpg 394 279 460 342
0284.jpg 33 279 75 334
0285.jpg 196 97 290 178
0286.jpg 248 0 324 107
0287.jpg 215 187 413 335
0288.jpg 143 235 191 299
0289.jpg 380 3 444 49
0290.jpg 159 171 187 207
0291.jpg 167 241 201 287
0292.jpg 404 151 443 197
0293.jpg 188 202 359 329
0294.jpg 124 193 213 280
0295.jpg 300 277 336 313
0296.jpg 290 288 349 357
0297.jpg 29 139 77 203
0298.jpg 139 243 207 325
0299.jpg 89 212 233 320
0300.jpg 371 206 478 354
0301.jpg 358 278 437 349
0302.jpg 72 258 115 304
0303.jpg 228 137 304 244
0304.jpg 161 52 227 115
0305.jpg 357 154 437 244
0306.jpg 371 4 447 71
0307.jpg 258 266 306 330
0308.jpg 304 40 389 138
0309.jpg 302 146 376 230
0310.jpg 90 44 164 142
0311.jpg 375 80 448 136
0312.jpg 43 157 121 214
0313.jpg 418 219 466 283
0314.jpg 172 279 248 346
0315.jpg 115 81 195 171
0316.jpg 99 84 158 153
0317.jpg 158 188 373 336
0318.jpg 59 222 191 320
0319.jpg 396 257 464 339
0320.jpg 109 169 225 251
0321.jpg 93 183 239 331
0322.jpg 234 227 405 354
0323.jpg 349 11 411 67
0324.jpg 287 64 335 100
0325.jpg 173 35 265 101
0326.jpg 303 7 447 115
0327.jpg 40 278 110 349
0328.jpg 35 34 94 103
0329.jpg 261 237 334 293
0330.jpg 260 182 399 312
0331.jpg 27 44 103 111
0332.jpg 203 192 276 248
0333.jpg 218 75 267 121
0334.jpg 256 63 350 144
0335.jpg 109 56 187 113
0336.jpg 411 109 453 164
0337.jpg 4 72 161 220
0338.jpg 332 19 464 117
0339.jpg 241 219 388 347
0340.jpg 71 213 162 325
0341.jpg 234 235 310 342
0342.jpg 125 114 193 196
0343.jpg 31 42 65 88
0344.jpg 216 192 317 264
0345.jpg 256 252 348 318
0346.jpg 73 73 174 159
0347.jpg 298 191 415 339
0348.jpg 0 135 116 217
0349.jpg 50 231 180 320
0350.jpg 61 235 147 317
0351.jpg 15 164 70 210
0352.jpg 268 87 365 178
0353.jpg 171 61 266 147
0354.jpg 304 201 437 315
0355.jpg 93 12 157 58
0356.jpg 232 188 422 319
0357.jpg 92 277 208 359
0358.jpg 185 178 261 285
0359.jpg 76 225 247 352
0360.jpg 305 209 356 265
0361.jpg 242 191 328 273
0362.jpg 88 79 143 125
0363.jpg 345 250 397 321
0364.jpg 59 135 173 233
0365.jpg 360 123 394 169
0366.jpg 234 233 312 290
0367.jpg 148 193 199 249
0368.jpg 226 168 333 316
0369.jpg 271 271 320 317
0370.jpg 42 32 112 121
0371.jpg 97 282 145 318
0372.jpg 131 152 190 221
0373.jpg 258 280 309 336
0374.jpg 131 3 204 59
0375.jpg 225 265 280 311
0376.jpg 230 19 300 90
0377.jpg 287 173 378 285
0378.jpg 345 133 472 242
0379.jpg 68 247 165 338
0380.jpg 424 39 463 85
0381.jpg 95 184 158 255
0382.jpg 406 296 479 352
0383.jpg 265 18 388 134
0384.jpg 285 9 313 45
0385.jpg 262 26 347 98
0386.jpg 5 228 109 326
0387.jpg 159 244 233 342
0388.jpg 113 46 207 127
0389.jpg 47 210 89 265
0390.jpg 64 33 220 162
0391.jpg 18 145 92 243
0392.jpg 71 7 145 91
0393.jpg 324 189 416 317
0394.jpg 403 112 446 158
0395.jpg 264 22 361 113
0396.jpg 376 97 461 169
0397.jpg 362 181 468 271
0398.jpg 60 202 114 266
0399.jpg 308 168 370 224
0400.jpg 77 32 136 101
0401.jpg 153 246 254 332
0402.jpg 306 52 462 160
0403.jpg 358 15 438 97
0404.jpg 63 182 148 254
0405.jpg 55 52 155 181
0406.jpg 30 190 162 288
0407.jpg 87 61 121 107
0408.jpg 57 210 137 300
0409.jpg 310 10 418 138
0410.jpg 175 284 239 330
0411.jpg 244 263 306 319
0412.jpg 239 207 288 253
0413.jpg 369 202 461 330
0414.jpg 242 165 306 254
0415.jpg 239 224 369 313
0416.jpg 158 287 250 353
0417.jpg 367 48 437 137
0418.jpg 273 32 337 78
0419.jpg 50 127 141 239
0420.jpg 295 57 441 205
0421.jpg 90 18 220 107
0422.jpg 123 286 208 358
0423.jpg 158 21 242 84
0424.jpg 303 109 397 190
0425.jpg 376 189 404 225
0426.jpg 238 224 314 331
0427.jpg 305 253 397 319
0428.jpg 44 55 128 118
0429.jpg 397 163 463 226
0430.jpg 89 5 141 76
0431.jpg 352 220 468 331
0432.jpg 277 198 433 327
0433.jpg 420 267 479 336
0434.jpg 20 38 112 104
0435.jpg 276 45 432 153
0436.jpg 5 24 117 131
0437.jpg 288 175 380 303
0438.jpg 353 200 404 256
0439.jpg 384 115 473 202
0440.jpg 104 75 165 157
0441.jpg 36 107 137 179
0442.jpg 149 174 249 303
0443.jpg 120 182 335 330
0444.jpg 319 236 451 334
0445.jpg 57 228 190 342
0446.jpg 320 162 466 310
0447.jpg 276 158 376 287
0448.jpg 361 44 469 172
0449.jpg 381 226 451 297
0450.jpg 2 116 101 232
0451.jpg 389 227 417 263
0452.jpg 249 281 300 337
0453.jpg 348 25 411 96
0454.jpg 408 130 471 201
0455.jpg 152 247 197 307
0456.jpg 371 103 437 166
0457.jpg 178 92 214 128
0458.jpg 65 10 129 99
0459.jpg 296 243 417 331
0460.jpg 348 264 424 331
0461.jpg 239 274 278 320
0462.jpg 352 296 414 352
0463.jpg 50 18 139 105
0464.jpg 307 245 380 309
0465.jpg 370 108 467 199
0466.jpg 386 47 452 110
0467.jpg 326 264 436 346
0468.jpg 322 3 408 85
0469.jpg 120 282 165 342
0470.jpg 308 257 363 303
0471.jpg 81 31 174 137
0472.jpg 391 228 461 317
0473.jpg 405 86 468 157
0474.jpg 389 24 452 95
0475.jpg 149 172 306 320
0476.jpg 191 172 295 280
0477.jpg 104 2 178 86
0478.jpg 98 118 156 180
0479.jpg 281 191 425 299
0480.jpg 98 73 160 129
0481.jpg 311 195 432 283
0482.jpg 98 63 140 118
0483.jpg 132 132 160 168
0484.jpg 295 212 343 276
0485.jpg 7 75 93 157
0486.jpg 176 232 275 348
0487.jpg 57 250 213 358
0488.jpg 165 249 258 355
0489.jpg 133 263 254 351
0490.jpg 65 172 160 258
0491.jpg 18 306 66 342
0492.jpg 94 152 221 261
0493.jpg 24 289 97 345
0494.jpg 422 284 477 330
0495.jpg 356 226 450 307
0496.jpg 67 147 181 275
0497.jpg 84 300 162 357
0498.jpg 25 157 166 273
0499.jpg 55 43 135 133
0500.jpg 46 55 150 163
0501.jpg 378 116 479 202
0502.jpg 35 216 156 322
0503.jpg 19 187 160 303
0504.jpg 9 219 136 328
0505.jpg 132 274 233 346
0506.jpg 321 61 407 143
0507.jpg 10 76 90 158
0508.jpg 236 241 404 357
0509.jpg 123 40 178 86
0510.jpg 133 176 266 290
0511.jpg 327 0 441 128
0512.jpg 84 230 177 336
0513.jpg 390 159 479 246
0514.jpg 18 225 148 314
0515.jpg 12 17 116 115
0516.jpg 277 138 356 209
0517.jpg 162 224 254 290
0518.jpg 12 3 55 49
0519.jpg 66 263 163 354
0520.jpg 27 133 155 262
0521.jpg 301 87 396 173
0522.jpg 339 121 382 167
0523.jpg 239 71 275 107
0524.jpg 272 27 356 90
0525.jpg 348 62 387 108
0526.jpg 25 64 103 121
0527.jpg 257 62 305 98
0528.jpg 22 195 132 277
0529.jpg 127 205 262 353
0530.jpg 117 11 187 82
0531.jpg 34 31 134 160
0532.jpg 182 12 260 69
0533.jpg 384 76 478 157
0534.jpg 318 227 460 325
0535.jpg 103 129 155 200
0536.jpg 78 226 123 286
0537.jpg 36 170 100 216
0538.jpg 10 94 86 161
0539.jpg 92 226 277 353
0540.jpg 72 223 228 352
0541.jpg 205 21 302 112
0542.jpg 371 97 447 164
0543.jpg 64 273 98 319
0544.jpg 413 49 458 109
0545.jpg 226 42 330 140
0546.jpg 16 77 64 141
0547.jpg 88 236 182 317
0548.jpg 210 18 258 82
0549.jpg 234 69 293 138
0550.jpg 6 211 105 327
0551.jpg 222 227 274 298
0552.jpg 299 60 338 106
0553.jpg 348 193 414 256
0554.jpg 4 206 95 318
0555.jpg 91 212 145 276
0556.jpg 144 104 252 232
0557.jpg 271 71 349 128
0558.jpg 117 242 231 340
0559.jpg 77 42 157 124
0560.jpg 121 269 164 315
0561.jpg 8 91 36 127
0562.jpg 26 3 92 66
0563.jpg 143 285 192 331
0564.jpg 139 266 191 337
0565.jpg 160 14 228 96
0566.jpg 95 238 156 320
0567.jpg 15 15 107 81
0568.jpg 363 64 425 120
0569.jpg 22 234 119 325
0570.jpg 212 270 251 316
0571.jpg 0 244 51 300
0572.jpg 86 229 128 284
0573.jpg 145 257 190 317
0574.jpg 224 273 310 355
0575.jpg 143 204 298 320
0576.jpg 104 213 227 329
0577.jpg 21 37 70 83
0578.jpg 188 6 329 122
0579.jpg 316 238 415 354
0580.jpg 364 121 448 184
0581.jpg 27 119 72 179
0582.jpg 196 121 250 185
0583.jpg 253 10 357 108
0584.jpg 182 82 225 128
0585.jpg 143 191 182 237
0586.jpg 86 266 202 348
0587.jpg 285 250 361 317
0588.jpg 150 182 198 218
0589.jpg 32 38 130 147
0590.jpg 106 108 205 224
0591.jpg 8 145 88 235
0592.jpg 32 263 118 345
0593.jpg 227 6 289 62
0594.jpg 212 264 301 351
0595.jpg 162 268 226 357
0596.jpg 383 129 431 193
0597.jpg 177 230 333 359
0598.jpg 293 47 351 109
0599.jpg 286 8 356 97
0600.jpg 169 224 316 352
0601.jpg 121 11 179 73
0602.jpg 371 17 463 83
0603.jpg 118 296 196 353
0604.jpg 355 202 403 238
0605.jpg 148 266 254 356
0606.jpg 40 278 92 349
0607.jpg 90 11 174 127
0608.jpg 104 253 159 299
0609.jpg 298 218 343 278
0610.jpg 262 38 328 101
0611.jpg 379 50 459 140
0612.jpg 35 220 156 308
0613.jpg 48 198 149 270
0614.jpg 112 40 212 169
0615.jpg 22 192 88 255
0616.jpg 222 28 295 92
0617.jpg 342 83 458 165
0618.jpg 60 220 96 256
0619.jpg 96 79 220 227
0620.jpg 238 150 373 277
0621.jpg 52 119 86 165
0622.jpg 281 218 354 282
0623.jpg 342 227 446 335
0624.jpg 72 132 138 195
0625.jpg 96 7 210 105
0626.jpg 100 172 235 299
0627.jpg 196 183 291 269
0628.jpg 301 211 434 325
0629.jpg 369 127 453 190
0630.jpg 12 126 158 274
0631.jpg 60 234 181 322
0632.jpg 294 200 392 309
0633.jpg 211 172 295 288
0634.jpg 387 151 446 220
0635.jpg 347 90 409 146
0636.jpg 297 215 436 345
0637.jpg 68 313 116 349
0638.jpg 361 215 410 261
0639.jpg 70 194 227 342
0640.jpg 23 231 121 340
0641.jpg 171 280 244 336
0642.jpg 265 10 386 116
0643.jpg 118 74 234 156
0644.jpg 376 1 446 90
0645.jpg 182 245 280 354
0646.jpg 146 77 247 149
0647.jpg 57 10 184 119
0648.jpg 333 272 384 328
0649.jpg 36 205 157 293
0650.jpg 335 75 426 187
0651.jpg 5 95 78 159
0652.jpg 362 135 413 191
0653.jpg 121 242 180 311
0654.jpg 164 156 215 212
0655.jpg 108 110 247 240
0656.jpg 361 18 431 89
0657.jpg 42 118 189 246
0658.jpg 5 254 126 342
0659.jpg 328 223 432 331
0660.jpg 218 237 319 309
0661.jpg 28 192 204 323
0662.jpg 38 46 108 135
0663.jpg 24 61 128 159
0664.jpg 1 200 145 308
0665.jpg 32 185 83 241
0666.jpg 122 5 180 67
0667.jpg 221 231 272 287
0668.jpg 387 12 415 48
0669.jpg 217 186 321 294
0670.jpg 197 275 289 341
0671.jpg 187 102 226 148
0672.jpg 57 89 157 218
0673.jpg 114 164 190 271
0674.jpg 12 121 183 248
0675.jpg 146 68 207 150
0676.jpg 1 40 43 95
0677.jpg 409 92 475 155
0678.jpg 25 36 166 152
0679.jpg 93 271 135 326
0680.jpg 53 184 194 300
0681.jpg 11 221 166 337
0682.jpg 63 73 143 155
0683.jpg 247 266 298 322
0684.jpg 391 29 446 75
0685.jpg 45 253 125 335
0686.jpg 65 283 117 354
0687.jpg 126 39 171 99
0688.jpg 95 272 156 354
0689.jpg 20 203 75 249
0690.jpg 358 278 442 341
0691.jpg 2 59 47 119
0692.jpg 120 241 174 305
0693.jpg 52 222 164 329
0694.jpg 334 54 370 90
0695.jpg 194 155 324 303
0696.jpg 84 8 164 98
0697.jpg 162 209 213 265
0698.jpg 102 267 194 333
0699.jpg 12 114 159 242
0700.jpg 85 141 199 239
0701.jpg 182 219 286 327
0702.jpg 87 89 211 237
0703.jpg 8 43 100 109
0704.jpg 12 173 85 237
0705.jpg 49 47 184 174
0706.jpg 437 167 476 213
0707.jpg 400 153 461 235
0708.jpg 386 31 445 100
0709.jpg 24 235 103 306
0710.jpg 0 99 176 230
0711.jpg 15 6 73 68
0712.jpg 207 246 286 317
0713.jpg 182 258 255 314
0714.jpg 266 230 365 346
0715.jpg 19 198 139 327
0716.jpg 374 274 428 338
0717.jpg 416 309 455 355
0718.jpg 253 246 323 335
0719.jpg 9 226 93 342
0720.jpg 19 215 120 287
0721.jpg 357 18 436 89
0722.jpg 64 7 156 135
0723.jpg 145 185 218 241
0724.jpg 172 90 265 196
0725.jpg 110 139 184 223
0726.jpg 350 44 384 90
0727.jpg 142 181 269 290
0728.jpg 388 30 479 142
0729.jpg 275 294 330 340
0730.jpg 160 199 257 290
0731.jpg 56 244 198 342
0732.jpg 351 92 415 138
0733.jpg 351 197 435 313
0734.jpg 140 0 204 46
0735.jpg 205 282 271 345
0736.jpg 23 4 213 135
0737.jpg 76 172 118 227
0738.jpg 19 52 133 180
0739.jpg 22 174 76 238
0740.jpg 67 95 181 223
0741.jpg 105 196 209 304
0742.jpg 93 46 207 174
0743.jpg 75 235 138 306
0744.jpg 74 146 148 244
0745.jpg 60 120 207 248
0746.jpg 384 242 458 326
0747.jpg 163 50 197 96
0748.jpg 209 16 377 132
0749.jpg 130 212 204 296
0750.jpg 276 83 328 154
0751.jpg 265 14 407 112
0752.jpg 221 243 389 359
0753.jpg 77 57 172 155
0754.jpg 29 231 88 300
0755.jpg 189 21 374 148
0756.jpg 86 45 114 81
0757.jpg 189 13 269 95
0758.jpg 241 196 311 285
0759.jpg 221 26 276 72
0760.jpg 216 204 320 302
0761.jpg 136 91 164 127
0762.jpg 388 6 466 63
0763.jpg 7 273 108 359
0764.jpg 132 9 166 55
0765.jpg 169 236 227 298
0766.jpg 419 82 467 146
0767.jpg 272 2 315 48
0768.jpg 401 284 456 330
0769.jpg 17 206 83 269
0770.jpg 7 261 149 359
0771.jpg 194 0 289 98
0772.jpg 76 93 115 139
0773.jpg 70 236 134 282
0774.jpg 11 185 153 283
0775.jpg 216 199 351 347
0776.jpg 60 17 157 108
0777.jpg 252 202 316 291
0778.jpg 347 176 390 222
0779.jpg 278 193 476 341
0780.jpg 83 252 138 298
0781.jpg 10 32 58 68
0782.jpg 81 4 157 111
0783.jpg 366 6 445 77
0784.jpg 282 44 340 106
0785.jpg 90 241 183 347
0786.jpg 148 33 258 115
0787.jpg 192 214 241 260
0788.jpg 98 36 240 134
0789.jpg 379 260 471 326
0790.jpg 250 21 465 169
0791.jpg 217 187 373 295
0792.jpg 36 129 106 218
0793.jpg 354 220 393 266
0794.jpg 11 218 87 285
0795.jpg 237 24 334 115
0796.jpg 159 245 225 308
0797.jpg 259 104 313 168
0798.jpg 109 26 145 62
0799.jpg 223 197 365 295
0800.jpg 219 4 292 68
0801.jpg 211 229 325 357
0802.jpg 308 89 454 237
0803.jpg 297 1 360 72
0804.jpg 134 47 202 129
0805.jpg 234 38 355 144
0806.jpg 167 11 225 73
0807.jpg 27 284 86 353
0808.jpg 196 191 280 307
0809.jpg 301 35 352 91
0810.jpg 101 238 179 295
0811.jpg 419 81 473 145
0812.jpg 243 245 286 291
0813.jpg 124 19 216 85
0814.jpg 177 43 229 114
0815.jpg 274 25 340 88
0816.jpg 145 251 193 315
0817.jpg 144 69 192 105
0818.jpg 139 5 212 69
0819.jpg 375 62 451 129
0820.jpg 92 13 225 127
0821.jpg 352 232 403 288
0822.jpg 54 133 127 189
0823.jpg 28 56 104 163
0824.jpg 137 22 243 112
0825.jpg 338 274 448 356
0826.jpg 99 247 177 304
0827.jpg 174 3 268 84
0828.jpg 248 286 340 352
0829.jpg 159 246 263 344
0830.jpg 430 194 466 230
0831.jpg 354 5 454 134
0832.jpg 255 272 356 358
0833.jpg 49 107 113 196
0834.jpg 263 289 318 335
0835.jpg 99 154 151 225
0836.jpg 71 232 227 340
0837.jpg 99 249 147 285
0838.jpg 95 250 169 348
0839.jpg 370 50 413 96
0840.jpg 107 193 193 275
0841.jpg 338 196 477 326
0842.jpg 46 181 150 289
0843.jpg 81 11 179 120
0844.jpg 47 68 177 216
0845.jpg 313 153 470 301
0846.jpg 44 16 129 124
0847.jpg 251 239 346 337
0848.jpg 19 206 147 335
0849.jpg 26 1 124 110
0850.jpg 206 216 279 272
0851.jpg 2 119 99 210
0852.jpg 197 29 246 75
0853.jpg 127 1 257 90
0854.jpg 61 148 131 219
0855.jpg 165 204 265 333
0856.jpg 334 210 362 246
0857.jpg 295 309 344 355
0858.jpg 395 124 453 186
0859.jpg 365 159 469 267
0860.jpg 17 83 71 147
0861.jpg 199 0 258 69
0862.jpg 327 224 450 340
0863.jpg 57 5 142 113
0864.jpg 47 166 151 264
0865.jpg 436 165 470 211
0866.jpg 278 131 352 229
0867.jpg 231 29 301 100
0868.jpg 142 228 201 297
0869.jpg 304 245 374 316
0870.jpg 82 234 158 301
0871.jpg 271 277 337 340
0872.jpg 321 157 405 273
0873.jpg 170 224 274 332
0874.jpg 37 153 218 301
0875.jpg 238 220 332 301
0876.jpg 175 6 238 77
0877.jpg 160 256 208 320
0878.jpg 3 40 130 149
0879.jpg 312 2 409 93
0880.jpg 120 132 184 221
0881.jpg 272 1 357 73
0882.jpg 77 15 140 86
0883.jpg 242 183 377 331
0884.jpg 382 0 437 46
0885.jpg 274 256 358 319
0886.jpg 342 297 397 343
0887.jpg 47 51 218 178
0888.jpg 72 117 161 204
0889.jpg 204 247 346 345
0890.jpg 132 206 239 354
0891.jpg 338 65 418 147
0892.jpg 322 174 374 245
0893.jpg 145 223 240 309
0894.jpg 85 193 186 265
0895.jpg 296 6 467 133
0896.jpg 294 24 429 151
0897.jpg 70 203 174 301
0898.jpg 0 3 170 151
0899.jpg 126 46 267 162
0900.jpg 262 251 347 359
0901.jpg 0 37 121 125
0902.jpg 325 13 429 111
0903.jpg 376 130 446 219
0904.jpg 222 94 267 154
0905.jpg 294 4 370 111
0906.jpg 281 42 378 133
0907.jpg 12 228 61 274
0908.jpg 118 148 160 203
0909.jpg 304 0 388 63
0910.jpg 160 229 255 315
0911.jpg 17 16 152 143
0912.jpg 126 111 230 219
0913.jpg 209 36 307 145
0914.jpg 351 212 390 258
0915.jpg 44 70 83 116
0916.jpg 374 34 469 120
0917.jpg 338 139 422 255
0918.jpg 339 287 409 358
0919.jpg 388 133 464 200
0920.jpg 211 261 281 332
0921.jpg 189 1 284 87
0922.jpg 158 17 281 133
0923.jpg 430 179 472 234
0924.jpg 43 95 86 141
0925.jpg 170 86 225 132
0926.jpg 30 248 88 310
0927.jpg 217 312 245 348
0928.jpg 57 264 146 351
0929.jpg 105 252 191 334
0930.jpg 78 266 170 332
0931.jpg 273 51 327 115
0932.jpg 160 189 252 255
0933.jpg 49 260 119 331
0934.jpg 52 239 179 348
0935.jpg 328 172 392 218
0936.jpg 21 29 89 111
0937.jpg 90 54 197 202
0938.jpg 127 39 201 137
0939.jpg 55 24 123 106
0940.jpg 58 166 128 237
0941.jpg 58 6 131 70
0942.jpg 240 5 325 103
0943.jpg 135 235 198 306
0944.jpg 12 156 86 240
0945.jpg 144 95 274 184
0946.jpg 303 251 398 349
0947.jpg 314 258 415 330
0948.jpg 204 256 318 354
0949.jpg 316 14 458 112
0950.jpg 29 275 71 330
0951.jpg 327 6 375 42
0952.jpg 341 117 417 224
0953.jpg 326 237 433 353
0954.jpg 279 106 425 254
0955.jpg 59 128 129 217
0956.jpg 202 215 265 286
0957.jpg 372 248 470 357
0958.jpg 243 226 327 289
0959.jpg 271 161 427 290
0960.jpg 6 9 51 69
0961.jpg 291 87 426 214
0962.jpg 284 6 358 90
0963.jpg 325 202 414 289
0964.jpg 333 25 449 136
0965.jpg 395 86 473 143
0966.jpg 364 83 434 154
0967.jpg 42 175 140 284
0968.jpg 319 17 454 165
0969.jpg 122 0 257 127
0970.jpg 29 187 83 251
0971.jpg 311 131 431 260
0972.jpg 43 166 91 230
0973.jpg 83 22 153 93
0974.jpg 376 264 465 351
0975.jpg 42 264 116 348
0976.jpg 55 175 146 287
0977.jpg 220 245 324 343
0978.jpg 356 210 440 326
0979.jpg 41 165 107 228
0980.jpg 248 256 282 302
0981.jpg 101 274 143 329
0982.jpg 326 186 454 315
0983.jpg 370 77 432 133
0984.jpg 42 48 189 176
0985.jpg 147 269 183 305
0986.jpg 170 210 268 319
0987.jpg 13 154 137 302
0988.jpg 393 20 447 84
0989.jpg 23 58 193 206
0990.jpg 89 42 153 88
0991.jpg 342 65 370 101
0992.jpg 364 101 461 192
0993.jpg 336 273 437 359
0994.jpg 344 152 417 208
0995.jpg 54 89 117 160
0996.jpg 358 249 453 335
0997.jpg 404 23 438 69
0998.jpg 404 212 474 301
0999.jpg 359 204 435 271
1000.jpg 405 7 439 53
0001.jpg 1 41 169 157
0002.jpg 348 247 433 345
0003.jpg 275 16 337 72
0004.jpg 117 8 175 70
0005.jpg 37 233 169 331
0006.jpg 51 229 96 289
0007.jpg 374 175 469 261
0008.jpg 14 131 98 247
0009.jpg 332 112 462 260
0010.jpg 259 255 353 336
0011.jpg 101 62 185 178
0012.jpg 240 14 326 96
0013.jpg 4 173 111 321
0014.jpg 332 6 462 95
0015.jpg 51 220 151 349
0016.jpg 12 83 80 165
0017.jpg 150 107 258 235
0018.jpg 269 235 375 325
0019.jpg 185 228 313 357
0020.jpg 324 142 413 229
0021.jpg 230 227 350 356
0022.jpg 122 4 214 132
0023.jpg 315 185 410 283
0024.jpg 31 88 95 177
0025.jpg 317 227 423 317
0026.jpg 323 187 374 243
0027.jpg 314 118 399 216
0028.jpg 22 12 149 121
0029.jpg 54 90 120 153
0030.jpg 151 294 196 354
0031.jpg 12 259 74 315
0032.jpg 38 130 104 193
0033.jpg 325 186 417 314
0034.jpg 27 99 111 162
0035.jpg 193 242 309 353
0036.jpg 15 7 113 116
0037.jpg 413 169 474 251
0038.jpg 295 98 344 144
0039.jpg 348 283 432 346
0040.jpg 350 84 423 140
0041.jpg 219 2 320 88
0042.jpg 77 101 105 137
0043.jpg 364 168 453 255
0044.jpg 418 69 466 105
0045.jpg 354 175 455 247
0046.jpg 262 229 347 301
0047.jpg 299 204 391 332
0048.jpg 281 230 402 318
0049.jpg 156 229 295 359
0050.jpg 288 132 358 221
0051.jpg 25 30 123 139
0052.jpg 102 0 202 129
0053.jpg 151 225 202 281
0054.jpg 368 55 475 171
0055.jpg 31 29 105 113
0056.jpg 356 167 470 265
0057.jpg 307 204 437 352
0058.jpg 28 123 101 187
0059.jpg 307 160 350 206
0060.jpg 154 216 282 345
0061.jpg 215 235 371 343
0062.jpg 97 248 173 355
0063.jpg 298 65 390 131
0064.jpg 13 11 83 100
0065.jpg 54 244 124 333
0066.jpg 98 253 204 343
0067.jpg 151 216 293 314
0068.jpg 8 207 86 264
0069.jpg 1 84 105 182
0070.jpg 39 255 136 346
0071.jpg 252 286 291 332
0072.jpg 75 26 172 117
0073.jpg 224 14 267 60
0074.jpg 172 14 258 96
0075.jpg 378 263 406 299
0076.jpg 229 222 309 312
0077.jpg 248 292 296 356
0078.jpg 165 222 241 289
0079.jpg 152 260 284 358
0080.jpg 5 2 66 84
0081.jpg 145 277 237 343
0082.jpg 319 253 440 341
0083.jpg 25 253 88 324
0084.jpg 115 206 250 354
0085.jpg 19 35 67 71
0086.jpg 340 239 433 345
0087.jpg 346 8 456 90
0088.jpg 250 107 396 255
0089.jpg 219 276 335 358
0090.jpg 366 106 440 190
0091.jpg 220 146 332 253
0092.jpg 153 235 238 343
0093.jpg 7 4 80 60
0094.jpg 19 286 85 349
0095.jpg 13 161 49 197
0096.jpg 252 281 315 352
0097.jpg 317 251 365 315
0098.jpg 51 60 131 150
0099.jpg 16 278 52 314
0100.jpg 266 25 380 153
0101.jpg 53 166 127 250
0102.jpg 126 249 192 312
0103.jpg 15 126 100 224
0104.jpg 0 133 86 215
0105.jpg 348 290 393 350
0106.jpg 205 255 263 317
0107.jpg 273 195 327 259
0108.jpg 17 179 76 248
0109.jpg 27 209 208 357
0110.jpg 282 67 337 113
0111.jpg 377 32 438 114
0112.jpg 66 147 109 193
0113.jpg 18 115 157 245
0114.jpg 36 129 164 258
0115.jpg 279 204 386 320
0116.jpg 352 154 410 216
0117.jpg 142 36 228 118
0118.jpg 346 244 395 290
0119.jpg 369 144 473 242
0120.jpg 281 20 345 66
0121.jpg 282 162 389 310
0122.jpg 155 241 229 325
0123.jpg 49 45 111 101
0124.jpg 19 219 53 265
0125.jpg 333 166 397 255
0126.jpg 352 113 414 169
0127.jpg 321 20 428 168
0128.jpg 290 227 363 283
0129.jpg 58 81 131 145
0130.jpg 270 161 416 309
0131.jpg 297 256 386 343
0132.jpg 72 140 157 212
0133.jpg 48 49 155 165
0134.jpg 371 143 420 189
0135.jpg 345 32 453 160
0136.jpg 91 82 185 163
0137.jpg 22 90 123 162
0138.jpg 4 50 160 179
0139.jpg 38 242 118 332
0140.jpg 327 147 403 254
0141.jpg 13 150 134 238
0142.jpg 323 69 458 196
0143.jpg 152 243 284 341
0144.jpg 66 18 170 126
0145.jpg 171 52 270 168
0146.jpg 325 84 416 196
0147.jpg 161 273 189 309
0148.jpg 287 8 379 74
0149.jpg 308 273 402 354
0150.jpg 156 56 211 102
0151.jpg 255 79 411 208
0152.jpg 12 64 139 173
0153.jpg 87 119 194 267
0154.jpg 323 288 371 324
0155.jpg 96 200 226 348
0156.jpg 17 31 138 119
0157.jpg 52 200 158 290
0158.jpg 389 127 438 173
0159.jpg 25 258 103 315
0160.jpg 380 1 477 92
0161.jpg 251 215 355 313
0162.jpg 319 99 413 180
0163.jpg 125 66 220 164
0164.jpg 264 292 356 358
0165.jpg 308 76 362 140
0166.jpg 200 275 242 330
0167.jpg 133 68 161 104
0168.jpg 179 15 300 103
0169.jpg 46 254 98 325
0170.jpg 58 283 107 329
0171.jpg 54 59 175 165
0172.jpg 18 217 110 283
0173.jpg 383 39 474 151
0174.jpg 58 225 143 297
0175.jpg 91 39 182 151
0176.jpg 359 230 413 294
0177.jpg 383 207 475 273
0178.jpg 165 12 216 68
0179.jpg 111 229 205 310
0180.jpg 30 153 158 282
0181.jpg 154 143 245 255
0182.jpg 45 151 137 279
0183.jpg 174 7 259 79
0184.jpg 253 218 305 289
0185.jpg 351 166 436 274
0186.jpg 11 188 79 270
0187.jpg 299 20 454 136
0188.jpg 363 274 448 346
0189.jpg 18 155 115 246
0190.jpg 313 80 408 178
0191.jpg 306 42 453 170
0192.jpg 80 170 201 276
0193.jpg 299 111 399 240
0194.jpg 380 15 428 79
0195.jpg 324 140 419 238
0196.jpg 11 166 121 248
0197.jpg 369 2 455 84
0198.jpg 115 119 149 165
0199.jpg 202 180 372 328
0200.jpg 50 239 149 355
0201.jpg 319 196 433 294
0202.jpg 28 22 132 120
0203.jpg 295 43 340 103
0204.jpg 358 131 442 247
0205.jpg 284 78 469 205
0206.jpg 315 140 429 268
0207.jpg 126 254 211 326
0208.jpg 6 89 54 125
0209.jpg 209 9 257 45
0210.jpg 338 278 386 314
0211.jpg 230 254 294 343
0212.jpg 99 258 184 356
0213.jpg 74 212 126 283
0214.jpg 151 234 231 316
0215.jpg 341 218 438 309
0216.jpg 372 161 442 232
0217.jpg 237 222 331 303
0218.jpg 38 274 83 334
0219.jpg 293 250 351 312
0220.jpg 102 252 176 336
0221.jpg 197 244 313 355
0222.jpg 28 81 160 179
0223.jpg 46 92 178 190
0224.jpg 223 225 284 307
0225.jpg 78 234 154 301
0226.jpg 30 213 215 340
0227.jpg 331 188 448 336
0228.jpg 2 125 101 241
0229.jpg 264 141 399 268
0230.jpg 10 107 166 215
0231.jpg 386 120 478 186
0232.jpg 353 83 476 199
0233.jpg 214 223 292 280
0234.jpg 145 246 272 355
0235.jpg 243 55 288 115
0236.jpg 60 168 155 266
0237.jpg 366 118 444 175
0238.jpg 408 150 447 196
0239.jpg 85 77 128 123
0240.jpg 158 53 315 201
0241.jpg 34 273 108 357
0242.jpg 17 277 60 323
0243.jpg 230 260 319 347
0244.jpg 354 41 427 105
0245.jpg 15 128 172 276
0246.jpg 68 245 138 316
0247.jpg 83 126 161 183
0248.jpg 59 166 132 230
0249.jpg 28 126 135 242
0250.jpg 63 286 118 332
0251.jpg 53 79 89 115
0252.jpg 210 217 326 299
0253.jpg 46 46 112 109
0254.jpg 47 146 131 262
0255.jpg 329 312 393 358
0256.jpg 287 25 422 173
0257.jpg 53 174 111 236
0258.jpg 16 109 79 180
0259.jpg 356 203 398 258
0260.jpg 10 238 105 336
0261.jpg 72 278 115 324
0262.jpg 411 162 463 233
0263.jpg 198 67 247 113
0264.jpg 44 249 142 358
0265.jpg 390 34 426 70
0266.jpg 396 308 445 354
0267.jpg 186 160 300 288
0268.jpg 332 184 408 251
0269.jpg 192 7 348 115
0270.jpg 31 236 111 318
0271.jpg 37 208 154 356
0272.jpg 274 8 350 75
0273.jpg 414 167 468 231
0274.jpg 277 257 371 338
0275.jpg 94 200 221 309
0276.jpg 17 149 174 297
0277.jpg 323 178 433 260
0278.jpg 138 268 217 339
0279.jpg 278 19 394 101
0280.jpg 97 136 201 234
0281.jpg 157 32 251 113
0282.jpg 130 263 225 349
0283.jpg 111 181 225 309
0284.jpg 130 215 258 344
0285.jpg 47 34 168 122
0286.jpg 77 258 153 325
0287.jpg 343 202 388 262
0288.jpg 1 157 131 305
0289.jpg 25 118 145 247
0290.jpg 360 29 414 93
0291.jpg 120 139 194 237
0292.jpg 357 197 425 279
0293.jpg 47 104 142 202
0294.jpg 348 220 428 310
0295.jpg 301 200 436 327
0296.jpg 253 8 397 116
0297.jpg 35 24 69 70
0298.jpg 271 255 387 337
0299.jpg 336 67 384 103
0300.jpg 162 282 235 338
0301.jpg 257 260 346 347
0302.jpg 291 94 384 200
0303.jpg 305 15 473 131
0304.jpg 269 275 317 339
0305.jpg 229 153 427 301
0306.jpg 348 65 421 129
0307.jpg 325 63 414 150
0308.jpg 122 192 246 340
0309.jpg 250 227 366 338
0310.jpg 312 271 360 307
0311.jpg 91 64 133 119
0312.jpg 7 74 175 190
0313.jpg 358 112 437 183
0314.jpg 309 122 394 230
0315.jpg 10 233 74 279
0316.jpg 404 79 467 150
0317.jpg 54 158 230 289
0318.jpg 396 213 451 259
0319.jpg 5 268 53 304
0320.jpg 84 290 143 359
0321.jpg 15 244 112 335
0322.jpg 84 252 148 298
0323.jpg 84 157 164 239
0324.jpg 344 83 479 210
0325.jpg 343 247 385 302
0326.jpg 2 296 44 351
0327.jpg 150 86 218 168
0328.jpg 214 248 370 356
0329.jpg 197 269 236 315
0330.jpg 22 75 149 184
0331.jpg 0 26 121 132
0332.jpg 218 199 292 283
0333.jpg 349 178 413 267
0334.jpg 259 99 427 215
0335.jpg 85 257 133 321
0336.jpg 96 40 145 86
0337.jpg 55 126 119 172
0338.jpg 358 251 434 318
0339.jpg 391 91 476 199
0340.jpg 302 201 336 247
0341.jpg 345 104 440 202
0342.jpg 207 172 377 320
0343.jpg 393 126 436 172
0344.jpg 268 100 372 198
0345.jpg 150 143 192 198
0346.jpg 30 230 136 320
0347.jpg 387 249 435 285
0348.jpg 82 196 158 303
0349.jpg 66 242 182 324
0350.jpg 405 180 478 236
0351.jpg 43 220 134 332
0352.jpg 91 257 177 339
0353.jpg 14 107 57 153
0354.jpg 168 156 217 202
0355.jpg 115 280 169 344
0356.jpg 135 222 233 331
0357.jpg 252 204 352 333
0358.jpg 398 173 456 235
0359.jpg 167 243 279 350
0360.jpg 180 58 235 104
0361.jpg 181 127 254 183
0362.jpg 240 260 274 306
0363.jpg 34 10 164 158
0364.jpg 82 203 124 258
0365.jpg 168 162 338 310
0366.jpg 129 188 344 336
0367.jpg 161 180 229 262
0368.jpg 189 88 234 148
0369.jpg 239 208 333 289
0370.jpg 296 101 443 229
0371.jpg 115 280 170 326
0372.jpg 385 54 433 90
0373.jpg 71 61 113 116
0374.jpg 166 180 258 308
0375.jpg 429 69 474 129
0376.jpg 344 159 445 245
0377.jpg 318 197 417 313
0378.jpg 178 283 251 347
0379.jpg 394 3 456 59
0380.jpg 284 20 385 92
0381.jpg 356 53 404 89
0382.jpg 7 85 131 233
0383.jpg 372 102 415 148
0384.jpg 56 85 110 149
0385.jpg 191 219 257 282
0386.jpg 64 266 143 337
0387.jpg 391 174 457 237
0388.jpg 303 231 395 297
0389.jpg 113 31 174 113
0390.jpg 89 282 137 346
0391.jpg 367 143 430 214
0392.jpg 102 236 232 325
0393.jpg 201 30 274 86
0394.jpg 32 211 102 282
0395.jpg 355 62 394 108
0396.jpg 403 238 452 284
0397.jpg 319 37 439 166
0398.jpg 71 164 99 200
0399.jpg 42 41 128 123
0400.jpg 57 101 151 182
0401.jpg 359 260 469 342
0402.jpg 61 229 159 338
0403.jpg 162 46 217 92
0404.jpg 297 109 346 155
0405.jpg 333 270 434 356
0406.jpg 8 63 67 132
0407.jpg 240 36 318 93
0408.jpg 320 71 363 117
0409.jpg 303 155 397 236
0410.jpg 181 44 259 101
0411.jpg 350 210 423 266
0412.jpg 393 42 429 78
0413.jpg 258 81 342 197
0414.jpg 33 157 133 286
0415.jpg 40 277 110 348
0416.jpg 279 230 406 339
0417.jpg 341 230 476 357
0418.jpg 348 18 443 104
0419.jpg 265 271 354 358
0420.jpg 330 297 378 333
0421.jpg 24 115 72 179
0422.jpg 347 187 375 223
0423.jpg 410 252 474 341
0424.jpg 278 267 339 349
0425.jpg 378 39 417 85
0426.jpg 273 243 351 300
0427.jpg 76 23 124 87
0428.jpg 176 14 296 143
0429.jpg 67 226 235 342
0430.jpg 211 51 250 97
0431.jpg 26 140 60 186
0432.jpg 28 28 132 136
0433.jpg 227 202 384 350
0434.jpg 417 14 471 78
0435.jpg 304 41 356 112
0436.jpg 239 28 305 91
0437.jpg 381 131 429 167
0438.jpg 323 135 399 202
0439.jpg 167 253 237 324
0440.jpg 3 206 123 335
0441.jpg 324 229 416 295
0442.jpg 173 198 271 307
0443.jpg 394 76 464 165
0444.jpg 264 210 410 358
0445.jpg 192 206 382 337
0446.jpg 367 210 473 300
0447.jpg 219 169 268 215
0448.jpg 308 276 359 332
0449.jpg 95 246 134 292
0450.jpg 78 205 224 353
0451.jpg 125 163 295 311
0452.jpg 177 2 321 110
0453.jpg 68 29 102 75
0454.jpg 69 2 143 100
0455.jpg 352 12 438 94
0456.jpg 130 300 192 356
0457.jpg 341 52 396 98
0458.jpg 181 258 226 318
0459.jpg 317 190 379 246
0460.jpg 173 272 249 339
0461.jpg 289 17 334 77
0462.jpg 373 28 418 88
0463.jpg 55 28 150 114
0464.jpg 372 191 470 300
0465.jpg 353 164 405 235
0466.jpg 55 18 156 104
0467.jpg 138 56 189 112
0468.jpg 33 164 85 235
0469.jpg 42 78 116 176
0470.jpg 359 239 423 328
0471.jpg 79 278 127 314
0472.jpg 286 224 340 288
0473.jpg 299 269 393 350
0474.jpg 369 41 470 113
0475.jpg 19 228 175 357
0476.jpg 55 137 201 285
0477.jpg 224 243 260 279
0478.jpg 117 224 202 332
0479.jpg 293 19 423 167
0480.jpg 344 297 399 343
0481.jpg 307 84 381 182
0482.jpg 219 193 313 274
0483.jpg 90 239 166 346
0484.jpg 68 53 169 125
0485.jpg 301 39 352 95
0486.jpg 309 231 425 342
0487.jpg 165 57 193 93
0488.jpg 160 33 196 69
0489.jpg 193 285 285 351
0490.jpg 166 245 251 317
0491.jpg 103 1 179 108
0492.jpg 111 65 166 111
0493.jpg 387 23 460 87
0494.jpg 293 22 388 108
0495.jpg 357 168 442 266
0496.jpg 120 22 154 68
0497.jpg 15 39 51 75
0498.jpg 34 46 129 144
0499.jpg 386 287 431 347
0500.jpg 362 100 462 229
0501.jpg 314 36 455 152
0502.jpg 197 14 258 96
0503.jpg 30 279 81 335
0504.jpg 257 29 354 120
0505.jpg 100 232 162 288
0506.jpg 15 216 142 325
0507.jpg 36 7 169 121
0508.jpg 127 188 205 245
0509.jpg 401 252 471 341
0510.jpg 312 10 422 92
0511.jpg 267 278 326 347
0512.jpg 8 20 120 127
0513.jpg 163 50 247 113
0514.jpg 55 43 140 141
0515.jpg 353 210 460 326
0516.jpg 305 97 385 187
0517.jpg 3 254 82 325
0518.jpg 2 89 76 187
0519.jpg 248 259 390 357
0520.jpg 115 71 185 160
0521.jpg 304 119 353 165
0522.jpg 351 172 448 263
0523.jpg 0 5 157 153
0524.jpg 23 82 121 191
0525.jpg 51 182 175 330
0526.jpg 312 4 468 112
0527.jpg 48 23 133 95
0528.jpg 175 298 248 354
0529.jpg 87 188 188 274
0530.jpg 122 216 201 287
0531.jpg 265 8 412 136
0532.jpg 342 223 415 287
0533.jpg 254 246 368 344
0534.jpg 372 202 478 292
0535.jpg 224 253 321 344
0536.jpg 14 168 149 295
0537.jpg 101 270 186 342
0538.jpg 260 219 299 265
0539.jpg 316 266 378 322
0540.jpg 192 4 308 115
0541.jpg 4 42 47 88
0542.jpg 326 15 432 105
0543.jpg 198 38 321 154
0544.jpg 68 2 107 48
0545.jpg 149 222 246 313
0546.jpg 220 106 286 169
0547.jpg 153 240 187 286
0548.jpg 20 223 136 305
0549.jpg 183 25 217 71
0550.jpg 175 232 254 303
0551.jpg 291 271 371 353
0552.jpg 85 0 189 108
0553.jpg 6 196 130 344
0554.jpg 46 26 105 95
0555.jpg 75 234 191 316
0556.jpg 222 188 332 270
0557.jpg 143 37 219 104
0558.jpg 115 13 207 79
0559.jpg 83 17 189 107
0560.jpg 435 135 469 181
0561.jpg 76 22 192 133
0562.jpg 392 64 470 121
0563.jpg 59 275 113 339
0564.jpg 47 67 106 136
0565.jpg 131 42 170 88
0566.jpg 72 170 142 259
0567.jpg 204 30 258 94
0568.jpg 94 8 160 71
0569.jpg 188 183 277 270
0570.jpg 97 42 133 78
0571.jpg 54 208 175 314
0572.jpg 12 5 126 103
0573.jpg 246 17 308 73
0574.jpg 320 54 378 116
0575.jpg 104 214 211 330
0576.jpg 165 44 210 104
0577.jpg 386 68 429 114
0578.jpg 178 259 252 357
0579.jpg 0 188 28 224
0580.jpg 157 231 208 287
0581.jpg 221 24 318 115
0582.jpg 268 8 363 106
0583.jpg 276 7 365 94
0584.jpg 287 23 373 105
0585.jpg 295 286 340 346
0586.jpg 29 250 93 339
0587.jpg 323 208 412 295
0588.jpg 19 220 147 349
0589.jpg 44 97 108 143
0590.jpg 301 207 447 355
0591.jpg 91 259 159 341
0592.jpg 399 56 442 102
0593.jpg 389 7 462 63
0594.jpg 1 235 169 351
0595.jpg 342 105 459 253
0596.jpg 360 242 476 324
0597.jpg 63 204 163 333
0598.jpg 360 117 445 189
0599.jpg 298 141 439 257
0600.jpg 256 222 412 351
0601.jpg 382 195 477 281
0602.jpg 373 248 449 315
0603.jpg 56 20 117 102
0604.jpg 155 316 191 352
0605.jpg 393 159 467 257
0606.jpg 103 28 155 99
0607.jpg 118 32 191 96
0608.jpg 292 52 406 180
0609.jpg 317 36 433 147
0610.jpg 164 317 192 353
0611.jpg 381 34 433 105
0612.jpg 319 260 451 358
0613.jpg 77 212 150 268
0614.jpg 60 112 155 210
0615.jpg 417 122 451 168
0616.jpg 4 110 131 219
0617.jpg 327 2 457 91
0618.jpg 306 170 413 318
0619.jpg 58 186 131 242
0620.jpg 48 270 90 325
0621.jpg 86 13 210 161
0622.jpg 178 214 270 342
0623.jpg 310 221 389 292
0624.jpg 29 150 175 298
0625.jpg 363 218 436 274
0626.jpg 174 185 321 313
0627.jpg 161 184 316 300
0628.jpg 65 144 198 258
0629.jpg 346 251 420 335
0630.jpg 19 117 154 244
0631.jpg 327 203 444 351
0632.jpg 261 217 360 333
0633.jpg 239 226 333 307
0634.jpg 353 64 421 146
0635.jpg 42 270 127 342
0636.jpg 341 168 426 240
0637.jpg 379 218 430 274
0638.jpg 322 197 450 326
0639.jpg 31 233 154 349
0640.jpg 86 198 194 326
0641.jpg 338 267 412 351
0642.jpg 130 40 253 156
0643.jpg 14 5 59 65
0644.jpg 224 80 288 126
0645.jpg 55 284 106 340
0646.jpg 296 19 400 127
0647.jpg 155 264 214 333
0648.jpg 197 222 311 320
0649.jpg 289 205 384 291
0650.jpg 115 163 222 279
0651.jpg 357 30 457 159
0652.jpg 5 162 125 291
0653.jpg 372 211 467 297
0654.jpg 6 190 98 318
0655.jpg 157 164 292 312
0656.jpg 59 222 132 286
0657.jpg 135 267 177 322
0658.jpg 235 277 289 341
0659.jpg 169 115 227 177
0660.jpg 37 60 136 176
0661.jpg 132 54 202 143
0662.jpg 269 278 328 347
0663.jpg 210 213 259 259
0664.jpg 27 148 75 212
0665.jpg 140 231 174 277
0666.jpg 236 65 275 111
0667.jpg 18 212 186 328
0668.jpg 267 219 408 335
0669.jpg 219 207 255 243
0670.jpg 347 196 415 278
0671.jpg 174 21 286 128
0672.jpg 53 209 107 273
0673.jpg 92 165 185 271
0674.jpg 109 214 182 278
0675.jpg 86 60 166 150
0676.jpg 18 142 82 188
0677.jpg 116 283 171 329
0678.jpg 250 4 358 132
0679.jpg 128 217 213 325
0680.jpg 13 88 189 219
0681.jpg 225 260 268 306
0682.jpg 174 255 263 342
0683.jpg 1 45 122 151
0684.jpg 305 213 333 249
0685.jpg 5 235 60 281
0686.jpg 87 3 208 91
0687.jpg 20 129 74 193
0688.jpg 363 228 461 337
0689.jpg 39 225 84 285
0690.jpg 15 201 185 349
0691.jpg 44 50 151 166
0692.jpg 95 169 168 233
0693.jpg 288 5 330 60
0694.jpg 218 110 325 258
0695.jpg 45 26 100 72
0696.jpg 283 52 344 134
0697.jpg 115 105 200 203
0698.jpg 89 190 165 297
0699.jpg 113 254 177 343
0700.jpg 115 197 200 269
0701.jpg 105 261 237 359
0702.jpg 59 64 171 171
0703.jpg 0 50 156 179
0704.jpg 195 205 410 353
0705.jpg 394 9 455 91
0706.jpg 67 212 137 283
0707.jpg 383 91 447 180
0708.jpg 16 159 77 241
0709.jpg 206 2 268 58
0710.jpg 411 259 453 314
0711.jpg 86 247 177 359
0712.jpg 194 24 274 114
0713.jpg 48 0 112 46
0714.jpg 415 2 479 91
0715.jpg 191 11 332 127
0716.jpg 12 213 104 341
0717.jpg 30 118 144 246
0718.jpg 53 143 208 259
0719.jpg 31 150 199 266
0720.jpg 16 232 149 346
0721.jpg 35 55 211 186
0722.jpg 167 254 261 335
0723.jpg 7 141 92 213
0724.jpg 286 235 454 351
0725.jpg 170 149 255 247
0726.jpg 229 3 339 85
0727.jpg 184 185 260 292
0728.jpg 158 75 279 181
0729.jpg 148 244 292 352
0730.jpg 296 226 396 355
0731.jpg 13 123 189 254
0732.jpg 189 4 310 92
0733.jpg 184 148 254 237
0734.jpg 62 10 147 118
0735.jpg 133 291 197 337
0736.jpg 393 237 427 283
0737.jpg 87 281 172 353
0738.jpg 191 67 225 113
0739.jpg 41 40 185 148
0740.jpg 36 240 168 338
0741.jpg 110 119 195 227
0742.jpg 271 34 401 123
0743.jpg 218 2 288 73
0744.jpg 418 7 473 53
0745.jpg 352 27 437 99
0746.jpg 301 261 364 332
0747.jpg 92 86 140 122
0748.jpg 314 65 408 146
0749.jpg 226 243 342 325
0750.jpg 64 40 153 127
0751.jpg 238 26 281 72
0752.jpg 135 8 251 119
0753.jpg 96 254 175 325
0754.jpg 299 76 377 133
0755.jpg 197 38 289 166
0756.jpg 22 70 114 136
0757.jpg 376 30 452 97
0758.jpg 266 305 294 341
0759.jpg 54 11 139 83
0760.jpg 135 221 211 288
0761.jpg 337 32 405 114
0762.jpg 226 1 290 47
0763.jpg 151 248 202 304
0764.jpg 387 100 446 169
0765.jpg 4 170 80 277
0766.jpg 146 49 174 85
0767.jpg 24 94 145 200
0768.jpg 8 122 116 250
0769.jpg 146 298 194 334
0770.jpg 49 253 111 309
0771.jpg 100 265 180 355
0772.jpg 276 221 355 292
0773.jpg 200 255 314 353
0774.jpg 286 296 370 359
0775.jpg 52 203 146 284
0776.jpg 17 271 78 353
0777.jpg 138 197 232 278
0778.jpg 4 121 83 192
0779.jpg 15 133 70 179
0780.jpg 132 34 200 116
0781.jpg 58 86 116 148
0782.jpg 32 60 112 142
0783.jpg 117 230 223 320
0784.jpg 130 231 215 329
0785.jpg 112 263 190 320
0786.jpg 239 79 325 161
0787.jpg 346 210 466 339
0788.jpg 345 151 468 267
0789.jpg 246 244 388 342
0790.jpg 339 68 388 114
0791.jpg 239 225 324 333
0792.jpg 80 203 278 351
0793.jpg 93 270 121 306
0794.jpg 307 232 411 330
0795.jpg 381 156 476 242
0796.jpg 159 249 265 339
0797.jpg 60 262 99 308
0798.jpg 317 1 424 117
0799.jpg 5 10 53 74
0800.jpg 260 116 324 205
0801.jpg 31 153 95 199
0802.jpg 323 210 403 292
0803.jpg 47 182 132 280
0804.jpg 134 249 266 347
0805.jpg 93 30 152 99
0806.jpg 29 125 102 189
0807.jpg 185 6 248 77
0808.jpg 227 129 272 189
0809.jpg 137 244 253 355
0810.jpg 379 313 422 359
0811.jpg 117 281 165 317
0812.jpg 114 280 192 337
0813.jpg 105 225 189 341
0814.jpg 22 236 143 324
0815.jpg 409 85 468 154
0816.jpg 85 245 170 353
0817.jpg 233 30 299 93
0818.jpg 11 7 81 96
0819.jpg 26 122 87 204
0820.jpg 0 65 97 156
0821.jpg 288 300 336 336
0822.jpg 250 227 298 291
0823.jpg 270 273 312 328
0824.jpg 334 4 373 50
0825.jpg 258 33 334 100
0826.jpg 308 6 452 114
0827.jpg 194 36 286 102
0828.jpg 184 28 294 110
0829.jpg 74 230 165 342
0830.jpg 86 257 150 303
0831.jpg 206 270 267 352
0832.jpg 41 72 99 134
0833.jpg 256 246 400 354
0834.jpg 47 249 161 347
0835.jpg 107 15 192 87
0836.jpg 49 206 129 288
0837.jpg 399 44 462 115
0838.jpg 321 87 444 203
0839.jpg 288 245 430 343
0840.jpg 338 219 416 276
0841.jpg 202 267 257 313
0842.jpg 12 240 128 322
0843.jpg 67 161 152 233
0844.jpg 252 230 351 346
0845.jpg 35 168 119 284
0846.jpg 267 216 377 298
0847.jpg 381 82 429 118
0848.jpg 131 234 275 342
0849.jpg 253 223 292 269
0850.jpg 2 158 96 239
0851.jpg 23 214 103 304
0852.jpg 91 212 146 258
0853.jpg 19 171 108 258
0854.jpg 43 148 129 230
0855.jpg 367 209 441 307
0856.jpg 0 171 100 300
0857.jpg 63 230 122 299
0858.jpg 370 20 455 128
0859.jpg 264 226 328 315
0860.jpg 72 199 242 347
0861.jpg 132 285 217 357
0862.jpg 48 105 140 171
0863.jpg 382 57 458 164
0864.jpg 193 218 273 308
0865.jpg 406 231 458 302
0866.jpg 41 212 130 299
0867.jpg 23 63 120 154
0868.jpg 355 260 409 324
0869.jpg 187 17 265 74
0870.jpg 334 303 389 349
0871.jpg 175 280 226 336
0872.jpg 22 219 166 327
0873.jpg 74 224 245 351
0874.jpg 140 20 208 102
0875.jpg 400 189 459 258
0876.jpg 43 170 136 276
0877.jpg 117 261 165 325
0878.jpg 199 245 291 311
0879.jpg 239 20 325 102
0880.jpg 339 44 455 126
0881.jpg 304 283 347 329
0882.jpg 59 125 125 188
0883.jpg 64 129 122 191
0884.jpg 78 263 152 347
0885.jpg 183 261 241 323
0886.jpg 58 12 122 101
0887.jpg 14 139 138 287
0888.jpg 361 167 431 238
0889.jpg 14 183 229 331
0890.jpg 382 3 456 101
0891.jpg 86 87 122 123
0892.jpg 340 275 424 338
0893.jpg 180 221 229 267
0894.jpg 30 124 115 196
0895.jpg 402 182 466 228
0896.jpg 230 266 284 330
0897.jpg 77 151 184 299
0898.jpg 32 179 110 236
0899.jpg 128 32 284 161
0900.jpg 135 203 205 274
0901.jpg 164 132 303 262
0902.jpg 339 69 455 180
0903.jpg 49 207 97 271
0904.jpg 302 64 366 110
0905.jpg 364 35 462 144
0906.jpg 292 38 370 95
0907.jpg 119 17 189 88
0908.jpg 389 205 437 269
0909.jpg 335 18 451 100
0910.jpg 206 137 345 267
0911.jpg 103 249 181 306
0912.jpg 92 49 166 147
0913.jpg 236 22 451 170
0914.jpg 339 156 398 225
0915.jpg 12 167 105 273
0916.jpg 112 35 226 163
0917.jpg 35 4 176 120
0918.jpg 350 61 470 190
0919.jpg 320 248 406 330
0920.jpg 332 126 467 274
0921.jpg 53 28 169 110
0922.jpg 311 161 435 309
0923.jpg 320 190 404 306
0924.jpg 143 203 228 301
0925.jpg 289 165 410 271
0926.jpg 222 239 366 347
0927.jpg 292 18 328 54
0928.jpg 23 249 108 347
0929.jpg 22 237 121 353
0930.jpg 333 226 417 289
0931.jpg 374 196 437 267
0932.jpg 246 46 280 92
0933.jpg 58 65 185 174
0934.jpg 89 204 168 275
0935.jpg 33 111 153 240
0936.jpg 77 134 172 220
0937.jpg 410 199 452 254
0938.jpg 368 101 427 170
0939.jpg 47 77 163 188
0940.jpg 170 2 228 64
0941.jpg 314 209 437 325
0942.jpg 366 111 470 209
0943.jpg 396 300 469 356
0944.jpg 212 132 286 230
0945.jpg 119 206 183 252
0946.jpg 341 235 468 344
0947.jpg 207 244 363 352
0948.jpg 339 0 423 63
0949.jpg 320 99 432 206
0950.jpg 9 71 139 219
0951.jpg 374 202 428 266
0952.jpg 314 222 398 338
0953.jpg 391 114 442 170
0954.jpg 2 249 95 355
0955.jpg 34 47 95 129
0956.jpg 299 26 350 82
0957.jpg 50 235 116 298
0958.jpg 5 21 97 149
0959.jpg 51 251 113 307
0960.jpg 306 123 445 253
0961.jpg 311 28 415 136
0962.jpg 383 0 468 72
0963.jpg 25 2 132 118
0964.jpg 0 88 104 186
0965.jpg 7 112 114 228
0966.jpg 70 233 140 304
0967.jpg 74 234 147 290
0968.jpg 23 38 97 122
0969.jpg 72 54 148 121
0970.jpg 162 227 214 298
0971.jpg 30 100 130 229
0972.jpg 315 21 412 112
0973.jpg 335 176 383 212
0974.jpg 318 212 426 340
0975.jpg 260 257 392 355
0976.jpg 166 288 228 344
0977.jpg 344 20 448 118
0978.jpg 37 158 121 274
0979.jpg 86 206 170 322
0980.jpg 351 47 385 93
0981.jpg 363 149 458 235
0982.jpg 430 126 466 162
0983.jpg 107 256 201 337
0984.jpg 10 237 103 343
0985.jpg 207 209 314 357
0986.jpg 93 260 223 349
0987.jpg 215 196 289 294
0988.jpg 79 221 165 303
0989.jpg 247 196 331 312
0990.jpg 115 251 199 314
0991.jpg 231 242 310 313
0992.jpg 63 6 137 90
0993.jpg 92 238 198 328
0994.jpg 60 188 128 270
0995.jpg 266 273 367 359
0996.jpg 369 25 468 141
0997.jpg 190 274 232 329
0998.jpg 133 147 181 183
0999.jpg 367 67 441 151
1000.jpg 218 261 267 307
